2.570440000000000058e+00
-3.981060000000000154e-01
-1.990530000000000077e-01
-1.494429999999999925e+00
2.141109999999999847e+00
-9.962870000000000337e-01
-7.610860000000000403e-01
7.137050000000000338e-01
5.416199999999999903e-01
8.116199999999999803e-02
3.173740000000000006e+00
-5.708149999999999613e-01
-1.472089999999999899e+00
-3.805430000000000201e-01
8.296219999999999706e-01
7.934339999999999726e-01
6.222170000000000201e-01
4.958879999999999955e-01
1.837579999999999991e+00
-1.177669999999999995e+00
4.869720000000000298e-02
-4.734639999999999960e-01
-5.888349999999999973e-01
3.967100000000000071e-01
3.675149999999999806e-01
-2.840779999999999972e-01
-1.049649999999999972e+00
2.981640000000000068e+00
-7.189219999999999500e-01
-3.594609999999999750e-01
-1.669629999999999947e+00
3.227669999999999817e+00
-1.113089999999999913e+00
-1.107499999999999929e+00
1.075890000000000013e+00
1.416719999999999979e+00
1.128460000000000019e+00
2.594829999999999970e+00
-8.306289999999999507e-01
-2.000910000000000188e+00
-5.537520000000000220e-01
6.975959999999999939e-01
6.487070000000000336e-01
5.231970000000000232e-01
-1.571329999999999949e-01
2.226249999999999840e+00
-1.600729999999999986e+00
6.770749999999999824e-01
5.838999999999999746e-02
-8.003649999999999931e-01
-1.257060000000000122e-01
4.452510000000000079e-01
3.503400000000000264e-02
-7.797190000000000509e-01
3.222700000000000120e+00
-6.700580000000000425e-01
-3.350290000000000212e-01
-1.692369999999999930e+00
2.899919999999999831e+00
-1.128239999999999910e+00
-1.031360000000000054e+00
9.666400000000000547e-01
9.536529999999999729e-01
4.874859999999999749e-01
3.367290000000000116e+00
-7.735180000000000389e-01
-1.908830000000000027e+00
-5.156789999999999985e-01
9.935899999999999732e-01
8.418219999999999592e-01
7.451919999999999655e-01
1.699859999999999982e-01
1.863380000000000036e+00
-1.527060000000000084e+00
2.924910000000000010e-01
-4.362969999999999904e-01
-7.635319999999999885e-01
1.359879999999999978e-01
3.726760000000000073e-01
-2.617780000000000107e-01
-1.164900000000000047e+00
2.849540000000000184e+00
-4.811230000000000229e-01
-2.405619999999999981e-01
-1.502750000000000030e+00
2.171100000000000030e+00
-1.001829999999999998e+00
-8.480109999999999593e-01
7.237010000000000387e-01
3.513160000000000172e-01
1.840669999999999980e-03
3.644849999999999923e+00
-6.360090000000000465e-01
-1.542850000000000055e+00
-4.240059999999999940e-01
1.034810000000000008e+00
9.112120000000000219e-01
7.761059999999999626e-01
5.730189999999999451e-01
1.796459999999999946e+00
-1.234280000000000044e+00
1.104399999999999956e-03
-6.414980000000000127e-01
-6.171389999999999931e-01
4.584150000000000169e-01
3.592920000000000003e-01
-3.848989999999999911e-01
-1.230110000000000037e+00
2.612709999999999866e+00
-4.593090000000000228e-01
-2.296539999999999970e-01
-1.473109999999999919e+00
2.333009999999999806e+00
-9.820710000000000273e-01
-8.483159999999999590e-01
7.776699999999999724e-01
6.386910000000000087e-01
3.359230000000000271e-01
2.880640000000000089e+00
-6.362370000000000525e-01
-1.513789999999999969e+00
-4.241579999999999795e-01
7.864700000000000024e-01
7.201600000000000223e-01
5.898520000000000429e-01
2.412620000000000042e-01
1.964250000000000052e+00
-1.211030000000000051e+00
2.015540000000000109e-01
-2.687700000000000089e-01
-6.055160000000000542e-01
1.930099999999999871e-01
3.928490000000000038e-01
-1.612619999999999887e-01
-8.049389999999999601e-01
3.121799999999999908e+00
-3.791249999999999898e-01
-1.895620000000000083e-01
-1.499500000000000055e+00
1.998390000000000111e+00
-9.996669999999999723e-01
-8.751710000000000322e-01
6.661289999999999711e-01
1.752060000000000076e-02
-2.268900000000000083e-01
3.965809999999999835e+00
-6.563780000000000170e-01
-1.340130000000000043e+00
-4.375850000000000017e-01
9.627390000000000114e-01
9.914530000000000287e-01
7.220539999999999736e-01
7.971449999999999925e-01
2.396929999999999783e+00
-1.072100000000000053e+00
-1.361340000000000050e-01
-5.762819999999999609e-01
-5.360510000000000552e-01
6.377159999999999496e-01
4.793859999999999788e-01
-3.457689999999999930e-01
-8.058030000000000470e-01
3.671940000000000204e+00
-5.385210000000000274e-01
-2.692609999999999726e-01
-1.776610000000000023e+00
2.484309999999999796e+00
-1.184409999999999963e+00
-9.647540000000000004e-01
8.281049999999999800e-01
3.408490000000000131e-01
-3.227110000000000256e-01
4.621950000000000003e+00
-7.235650000000000137e-01
-1.746269999999999989e+00
-4.823770000000000002e-01
1.350999999999999979e+00
1.155489999999999906e+00
1.013249999999999984e+00
6.411890000000000089e-01
1.659480000000000066e+00
-1.397019999999999929e+00
-1.936269999999999936e-01
-9.784709999999999797e-01
-6.985080000000000178e-01
5.129510000000000458e-01
3.318949999999999956e-01
-5.870830000000000215e-01
-1.501949999999999896e+00
2.812500000000000000e+00
-6.453790000000000360e-01
-3.226899999999999769e-01
-1.600419999999999954e+00
2.735279999999999934e+00
-1.066950000000000065e+00
-9.239889999999999493e-01
9.117610000000000436e-01
1.033689999999999998e+00
4.221429999999999905e-01
3.113690000000000069e+00
-6.929920000000000524e-01
-1.920129999999999892e+00
-4.619949999999999890e-01
9.968179999999999819e-01
7.784219999999999473e-01
7.476129999999999720e-01
3.156710000000000071e-02
1.252150000000000096e+00
-1.536110000000000086e+00
2.532860000000000111e-01
-6.430200000000000360e-01
-7.680540000000000145e-01
2.525370000000000045e-02
2.504299999999999859e-01
-3.858119999999999883e-01
-1.472199999999999953e+00
2.399890000000000079e+00
-4.956929999999999947e-01
-2.478470000000000117e-01
-1.398579999999999934e+00
2.200530000000000097e+00
-9.323839999999999906e-01
-7.901000000000000245e-01
7.335110000000000241e-01
7.036080000000000112e-01
2.987839999999999940e-01
2.809810000000000141e+00
-5.925749999999999629e-01
-1.570759999999999934e+00
-3.950500000000000123e-01
8.324240000000000528e-01
7.024529999999999941e-01
6.243180000000000396e-01
1.788190000000000057e-01
1.445899999999999963e+00
-1.256610000000000005e+00
1.792710000000000137e-01
-4.551040000000000085e-01
-6.283060000000000311e-01
1.430559999999999887e-01
2.891790000000000194e-01
-2.730620000000000269e-01
-1.117210000000000036e+00
2.756200000000000205e+00
-4.486789999999999945e-01
-2.243400000000000116e-01
-1.515419999999999989e+00
2.341180000000000039e+00
-1.010280000000000067e+00
-8.785830000000000028e-01
7.803919999999999746e-01
6.314359999999999973e-01
3.276549999999999740e-01
3.058450000000000113e+00
-6.589369999999999949e-01
-1.522240000000000038e+00
-4.392909999999999870e-01
7.627589999999999648e-01
7.646119999999999584e-01
5.720699999999999674e-01
3.406319999999999903e-01
2.223899999999999988e+00
-1.217789999999999928e+00
1.965929999999999900e-01
-2.286569999999999991e-01
-6.088959999999999928e-01
2.725060000000000260e-01
4.447789999999999799e-01
-1.371940000000000104e-01
-7.645579999999999599e-01
3.817680000000000184e+00
-7.757770000000000499e-01
-3.878889999999999838e-01
-1.864489999999999981e+00
3.183889999999999887e+00
-1.242990000000000039e+00
-1.126290000000000013e+00
1.061299999999999910e+00
9.552340000000000275e-01
1.860870000000000024e-01
4.231659999999999755e+00
-8.447189999999999976e-01
-2.186929999999999819e+00
-5.631460000000000354e-01
1.324179999999999913e+00
1.057919999999999972e+00
9.931360000000000188e-01
2.462940000000000129e-01
1.429729999999999945e+00
-1.749540000000000095e+00
1.116520000000000012e-01
-9.231970000000000454e-01
-8.747719999999999940e-01
1.970349999999999879e-01
2.859459999999999780e-01
-5.539180000000000215e-01
-1.815560000000000063e+00
2.282119999999999926e+00
-4.725090000000000123e-01
-2.362539999999999918e-01
-1.379250000000000087e+00
2.188239999999999963e+00
-9.195020000000000415e-01
-7.629829999999999668e-01
7.294140000000000068e-01
7.440820000000000212e-01
3.454340000000000188e-01
2.665210000000000079e+00
-5.722369999999999957e-01
-1.549849999999999950e+00
-3.814910000000000245e-01
7.728890000000000482e-01
6.663019999999999499e-01
5.796670000000000433e-01
1.746139999999999914e-01
1.467060000000000031e+00
-1.239880000000000093e+00
2.072599999999999998e-01
-3.929230000000000222e-01
-6.199390000000000178e-01
1.396910000000000096e-01
2.934120000000000061e-01
-2.357539999999999913e-01
-1.099509999999999987e+00
2.706749999999999989e+00
-6.248380000000000045e-01
-3.124190000000000023e-01
-1.574929999999999941e+00
2.856609999999999872e+00
-1.049949999999999939e+00
-9.782870000000000177e-01
9.522040000000000504e-01
1.159000000000000030e+00
8.208069999999999533e-01
2.634910000000000085e+00
-7.337160000000000348e-01
-1.830719999999999903e+00
-4.891440000000000232e-01
7.785959999999999548e-01
6.587269999999999515e-01
5.839469999999999938e-01
-7.508330000000000559e-02
1.882929999999999993e+00
-1.464579999999999993e+00
4.924839999999999773e-01
-1.293150000000000133e-01
-7.322880000000000500e-01
-6.006659999999999777e-02
3.765859999999999763e-01
-7.758909999999999418e-02
-9.149899999999999700e-01
3.035839999999999872e+00
-4.514639999999999764e-01
-2.257319999999999882e-01
-1.508040000000000047e+00
2.182510000000000172e+00
-1.005360000000000031e+00
-8.966720000000000246e-01
7.275049999999999573e-01
2.598050000000000082e-01
-2.691469999999999974e-02
3.769109999999999960e+00
-6.725039999999999907e-01
-1.506930000000000103e+00
-4.483360000000000123e-01
9.716069999999999984e-01
9.422779999999999490e-01
7.287050000000000471e-01
5.867010000000000280e-01
2.029319999999999791e+00
-1.205549999999999899e+00
-1.614880000000000135e-02
-5.517840000000000522e-01
-6.027740000000000320e-01
4.693609999999999727e-01
4.058640000000000025e-01
-3.310710000000000042e-01
-1.054990000000000094e+00
3.065469999999999917e+00
-4.109129999999999727e-01
-2.054570000000000007e-01
-1.543230000000000102e+00
2.041929999999999801e+00
-1.028820000000000068e+00
-8.420929999999999804e-01
6.806419999999999693e-01
1.092459999999999959e-01
-3.012940000000000063e-01
4.061659999999999826e+00
-6.315699999999999648e-01
-1.437359999999999971e+00
-4.210459999999999758e-01
1.133110000000000062e+00
1.015409999999999924e+00
8.498329999999999496e-01
6.891570000000000196e-01
1.845569999999999933e+00
-1.149890000000000079e+00
-1.807759999999999923e-01
-8.056309999999999860e-01
-5.749450000000000394e-01
5.513249999999999540e-01
3.691130000000000244e-01
-4.833779999999999744e-01
-1.161920000000000064e+00
2.536059999999999981e+00
-4.493829999999999769e-01
-2.246910000000000018e-01
-1.462050000000000072e+00
2.240120000000000111e+00
-9.747000000000000108e-01
-8.028859999999999886e-01
7.467070000000000096e-01
6.564140000000000530e-01
2.259869999999999934e-01
2.954250000000000043e+00
-6.021640000000000326e-01
-1.533069999999999933e+00
-4.014429999999999943e-01
8.028579999999999606e-01
7.385629999999999695e-01
6.021429999999999838e-01
2.897919999999999940e-01
1.730010000000000048e+00
-1.226450000000000040e+00
1.355919999999999903e-01
-4.103280000000000260e-01
-6.132269999999999666e-01
2.318340000000000123e-01
3.460010000000000030e-01
-2.461969999999999992e-01
-1.018410000000000037e+00
3.674980000000000135e+00
-5.368840000000000279e-01
-2.684420000000000139e-01
-1.665399999999999991e+00
2.482990000000000030e+00
-1.110270000000000090e+00
-1.026459999999999928e+00
8.276630000000000376e-01
2.813080000000000025e-01
-2.332889999999999964e-02
4.154700000000000060e+00
-7.698450000000000015e-01
-1.637850000000000028e+00
-5.132299999999999640e-01
9.953520000000000145e-01
1.038669999999999982e+00
7.465140000000000109e-01
6.531460000000000043e-01
2.542730000000000157e+00
-1.310279999999999889e+00
-1.399730000000000071e-02
-4.825729999999999742e-01
-6.551420000000000021e-01
5.225170000000000092e-01
5.085460000000000536e-01
-2.895440000000000236e-01
-9.010240000000000471e-01
1.904160000000000075e+00
-3.183659999999999823e-01
-1.591829999999999912e-01
-1.166430000000000078e+00
1.746850000000000014e+00
-7.776199999999999779e-01
-6.742059999999999720e-01
5.822840000000000238e-01
3.915680000000000271e-01
3.311120000000000174e-01
2.290150000000000130e+00
-5.056549999999999656e-01
-1.136540000000000106e+00
-3.371029999999999860e-01
6.136040000000000383e-01
5.725379999999999914e-01
4.602029999999999732e-01
2.693559999999999843e-01
1.789849999999999941e+00
-9.092289999999999539e-01
1.986670000000000103e-01
-9.682979999999999365e-02
-4.546149999999999913e-01
2.154850000000000099e-01
3.579700000000000104e-01
-5.809790000000000093e-02
-4.419170000000000043e-01
2.968430000000000124e+00
-5.684940000000000548e-01
-2.842470000000000274e-01
-1.696930000000000049e+00
2.748810000000000198e+00
-1.131289999999999907e+00
-9.047119999999999607e-01
9.162679999999999714e-01
9.689569999999999572e-01
2.973709999999999964e-01
3.309839999999999893e+00
-6.785339999999999705e-01
-1.847199999999999953e+00
-4.523559999999999803e-01
9.849940000000000362e-01
8.274599999999999733e-01
7.387449999999999850e-01
2.008050000000000113e-01
1.523379999999999956e+00
-1.477759999999999962e+00
1.784229999999999983e-01
-5.660079999999999556e-01
-7.388789999999999525e-01
1.606440000000000090e-01
3.046769999999999756e-01
-3.396049999999999902e-01
-1.343790000000000040e+00
3.420599999999999863e+00
-5.315060000000000340e-01
-2.657530000000000170e-01
-1.633129999999999971e+00
2.476820000000000022e+00
-1.088750000000000107e+00
-9.810680000000000511e-01
8.256069999999999798e-01
4.336610000000000187e-01
8.151379999999999737e-02
3.867509999999999781e+00
-7.358010000000000383e-01
-1.675400000000000000e+00
-4.905340000000000256e-01
9.620509999999999895e-01
9.668769999999999865e-01
7.215380000000000127e-01
4.822199999999999820e-01
2.194970000000000088e+00
-1.340319999999999956e+00
4.890830000000000177e-02
-5.116859999999999742e-01
-6.701589999999999492e-01
3.857760000000000078e-01
4.389950000000000241e-01
-3.070109999999999784e-01
-1.028340000000000032e+00
2.811240000000000183e+00
-4.157319999999999904e-01
-2.078659999999999952e-01
-1.455789999999999917e+00
1.929030000000000022e+00
-9.705270000000000286e-01
-7.932379999999999987e-01
6.430099999999999705e-01
1.473899999999999932e-01
-2.397040000000000004e-01
3.822900000000000187e+00
-5.949290000000000411e-01
-1.429130000000000011e+00
-3.966189999999999993e-01
1.099420000000000064e+00
9.557250000000000467e-01
8.245660000000000212e-01
6.098999999999999977e-01
1.571029999999999927e+00
-1.143299999999999983e+00
-1.438220000000000054e-01
-8.160030000000000339e-01
-5.716520000000000490e-01
4.879200000000000204e-01
3.142059999999999853e-01
-4.896019999999999817e-01
-1.231500000000000039e+00
1.701470000000000038e+00
-3.576340000000000074e-01
-1.788170000000000037e-01
-1.140719999999999956e+00
1.835679999999999978e+00
-7.604809999999999626e-01
-6.457039999999999447e-01
6.118930000000000202e-01
6.599789999999999823e-01
4.870539999999999869e-01
1.943529999999999980e+00
-4.842779999999999863e-01
-1.244599999999999929e+00
-3.228519999999999723e-01
5.668480000000000185e-01
4.858819999999999806e-01
4.251360000000000139e-01
4.628539999999999738e-02
1.447000000000000064e+00
-9.956779999999999520e-01
2.922319999999999918e-01
-1.056720000000000020e-01
-4.978389999999999760e-01
3.702830000000000010e-02
2.893990000000000173e-01
-6.340320000000000678e-02
-6.118090000000000472e-01
4.329019999999999868e+00
-7.179069999999999618e-01
-3.589539999999999953e-01
-1.844459999999999988e+00
2.936609999999999943e+00
-1.229640000000000066e+00
-1.191410000000000080e+00
9.788689999999999891e-01
5.458049999999999846e-01
2.622369999999999909e-02
4.829250000000000043e+00
-8.935539999999999594e-01
-2.029409999999999936e+00
-5.957029999999999825e-01
1.230900000000000105e+00
1.207310000000000105e+00
9.231719999999999926e-01
5.675010000000000332e-01
2.272769999999999957e+00
-1.623529999999999918e+00
1.573420000000000027e-02
-7.275850000000000373e-01
-8.117640000000000411e-01
4.540000000000000147e-01
4.545540000000000136e-01
-4.365510000000000224e-01
-1.396330000000000071e+00
2.510299999999999976e+00
-4.005480000000000151e-01
-2.002740000000000076e-01
-1.408039999999999958e+00
2.031859999999999999e+00
-9.386910000000000531e-01
-7.715060000000000251e-01
6.772880000000000011e-01
4.189860000000000251e-01
1.212239999999999984e-01
3.087639999999999940e+00
-5.786299999999999777e-01
-1.393739999999999979e+00
-3.857530000000000125e-01
8.025889999999999969e-01
7.719110000000000138e-01
6.019409999999999483e-01
4.887819999999999943e-01
1.876239999999999908e+00
-1.114989999999999926e+00
7.273449999999999360e-02
-3.840529999999999777e-01
-5.574959999999999916e-01
3.910250000000000115e-01
3.752489999999999992e-01
-2.304319999999999979e-01
-9.090650000000000119e-01
2.318499999999999783e+00
-5.158669999999999645e-01
-2.579330000000000234e-01
-1.392730000000000024e+00
2.295920000000000183e+00
-9.284879999999999800e-01
-8.019129999999999869e-01
7.653050000000000130e-01
8.015910000000000535e-01
4.094929999999999959e-01
2.685270000000000046e+00
-6.014350000000000529e-01
-1.628849999999999909e+00
-4.009559999999999791e-01
8.309210000000000207e-01
6.713179999999999703e-01
6.231910000000000505e-01
7.997229999999999617e-02
1.382540000000000102e+00
-1.303080000000000016e+00
2.456959999999999977e-01
-4.500210000000000043e-01
-6.515419999999999545e-01
6.397780000000000133e-02
2.765079999999999760e-01
-2.700130000000000030e-01
-1.166369999999999907e+00
2.310160000000000213e+00
-4.354810000000000070e-01
-2.177409999999999901e-01
-1.363520000000000065e+00
2.028220000000000134e+00
-9.090139999999999887e-01
-7.311100000000000376e-01
6.760720000000000063e-01
5.415839999999999543e-01
1.109799999999999953e-01
2.921089999999999964e+00
-5.483329999999999593e-01
-1.480259999999999909e+00
-3.655550000000000188e-01
8.734070000000000444e-01
7.302729999999999499e-01
6.550550000000000539e-01
2.887370000000000214e-01
1.349580000000000002e+00
-1.184209999999999985e+00
6.658769999999999967e-02
-5.879109999999999614e-01
-5.921039999999999637e-01
2.309900000000000009e-01
2.699159999999999893e-01
-3.527469999999999772e-01
-1.215500000000000025e+00
2.391160000000000174e+00
-4.505190000000000028e-01
-2.252599999999999880e-01
-1.403459999999999930e+00
2.115040000000000031e+00
-9.356419999999999737e-01
-7.659810000000000230e-01
7.050149999999999473e-01
5.936099999999999710e-01
1.724160000000000137e-01
2.941829999999999945e+00
-5.744860000000000522e-01
-1.504760000000000097e+00
-3.829899999999999971e-01
8.864549999999999930e-01
7.354570000000000274e-01
6.648420000000000440e-01
2.564710000000000045e-01
1.468390000000000084e+00
-1.203810000000000047e+00
1.034500000000000003e-01
-5.292310000000000070e-01
-6.019050000000000233e-01
2.051769999999999983e-01
2.936779999999999946e-01
-3.175379999999999869e-01
-1.127909999999999968e+00
2.538829999999999920e+00
-4.526510000000000256e-01
-2.263259999999999994e-01
-1.488159999999999927e+00
2.283220000000000027e+00
-9.921060000000000434e-01
-8.123869999999999703e-01
7.610719999999999708e-01
7.147400000000000420e-01
2.950160000000000005e-01
2.883080000000000087e+00
-6.092899999999999983e-01
-1.520059999999999967e+00
-4.061930000000000263e-01
7.876159999999999828e-01
7.207689999999999930e-01
5.907120000000000148e-01
2.932139999999999747e-01
1.863420000000000076e+00
-1.216050000000000075e+00
1.770100000000000007e-01
-3.245540000000000092e-01
-6.080240000000000089e-01
2.345720000000000027e-01
3.726829999999999865e-01
-1.947329999999999894e-01
-8.947509999999999630e-01
1.606980000000000075e+00
-2.030409999999999993e-01
-1.015210000000000001e-01
-1.134919999999999929e+00
1.615969999999999906e+00
-7.566150000000000375e-01
-5.599509999999999765e-01
5.386570000000000524e-01
4.785300000000000109e-01
3.151610000000000245e-01
1.919219999999999926e+00
-4.199640000000000040e-01
-9.893849999999999589e-01
-2.799760000000000026e-01
4.561999999999999944e-01
4.798040000000000083e-01
3.421500000000000097e-01
2.656109999999999860e-01
1.761470000000000091e+00
-7.915079999999999893e-01
1.890969999999999873e-01
3.701800000000000229e-02
-3.957539999999999947e-01
2.124890000000000112e-01
3.522939999999999960e-01
2.221079999999999929e-02
-2.964310000000000000e-01
3.113449999999999829e+00
-3.552649999999999975e-01
-1.776330000000000131e-01
-1.478499999999999925e+00
1.827110000000000012e+00
-9.856690000000000174e-01
-8.317360000000000309e-01
6.090379999999999683e-01
-8.049459999999999948e-02
-3.968340000000000201e-01
4.141000000000000014e+00
-6.238019999999999676e-01
-1.310230000000000006e+00
-4.158680000000000154e-01
1.008080000000000087e+00
1.035250000000000004e+00
7.560620000000000118e-01
8.716380000000000239e-01
2.132420000000000204e+00
-1.048179999999999890e+00
-2.381000000000000061e-01
-7.048290000000000388e-01
-5.240920000000000023e-01
6.973110000000000142e-01
4.264850000000000030e-01
-4.228979999999999961e-01
-1.026000000000000023e+00
1.608090000000000019e+00
-3.279830000000000245e-01
-1.639909999999999979e-01
-1.085139999999999993e+00
1.769230000000000080e+00
-7.234300000000000175e-01
-6.379249999999999643e-01
5.897419999999999884e-01
6.366739999999999622e-01
5.747480000000000366e-01
1.767730000000000024e+00
-4.784439999999999804e-01
-1.164760000000000018e+00
-3.189620000000000233e-01
4.593749999999999778e-01
4.419330000000000203e-01
3.445309999999999762e-01
5.293010000000000076e-02
1.636940000000000062e+00
-9.318109999999999449e-01
3.448490000000000166e-01
7.012430000000000052e-02
-4.659059999999999868e-01
4.234410000000000257e-02
3.273889999999999856e-01
4.207459999999999672e-02
-3.847949999999999982e-01
2.378530000000000033e+00
-4.914789999999999992e-01
-2.457399999999999862e-01
-1.404079999999999995e+00
2.305070000000000174e+00
-9.360509999999999664e-01
-8.308699999999999974e-01
7.683579999999999854e-01
6.985900000000000443e-01
4.668849999999999945e-01
2.744699999999999918e+00
-6.231520000000000392e-01
-1.558820000000000094e+00
-4.154349999999999987e-01
8.395070000000000032e-01
6.861739999999999506e-01
6.296310000000000517e-01
1.312750000000000028e-01
1.686379999999999990e+00
-1.247049999999999992e+00
2.801310000000000189e-01
-3.450250000000000261e-01
-6.235270000000000534e-01
1.050200000000000022e-01
3.372769999999999935e-01
-2.070150000000000046e-01
-9.031230000000000091e-01
2.499319999999999986e+00
-4.078539999999999943e-01
-2.039269999999999972e-01
-1.408910000000000107e+00
2.164779999999999927e+00
-9.392740000000000533e-01
-8.048680000000000279e-01
7.215939999999999577e-01
4.354560000000000097e-01
2.122020000000000017e-01
2.953710000000000058e+00
-6.036510000000000487e-01
-1.404910000000000103e+00
-4.024340000000000139e-01
8.202559999999999851e-01
7.384269999999999445e-01
6.151919999999999611e-01
3.295739999999999781e-01
1.868069999999999897e+00
-1.123930000000000096e+00
1.273209999999999897e-01
-3.251189999999999913e-01
-5.619640000000000191e-01
2.636589999999999767e-01
3.736129999999999729e-01
-1.950709999999999944e-01
-8.093470000000000386e-01
2.730010000000000048e+00
-4.998949999999999783e-01
-2.499480000000000035e-01
-1.499670000000000059e+00
2.285940000000000083e+00
-9.997800000000000020e-01
-8.410579999999999723e-01
7.619810000000000194e-01
5.705799999999999761e-01
1.099170000000000008e-01
3.309989999999999988e+00
-6.307930000000000481e-01
-1.611320000000000086e+00
-4.205289999999999861e-01
9.391990000000000061e-01
8.274979999999999558e-01
7.043989999999999974e-01
3.863929999999999865e-01
1.627839999999999954e+00
-1.289060000000000095e+00
6.594999999999999474e-02
-5.668180000000000440e-01
-6.445279999999999898e-01
3.091139999999999999e-01
3.255669999999999953e-01
-3.400909999999999767e-01
-1.276170000000000027e+00
2.775889999999999969e+00
-2.691219999999999724e-01
-1.345609999999999862e-01
-1.388540000000000108e+00
1.613310000000000022e+00
-9.256900000000000128e-01
-7.446190000000000309e-01
5.377680000000000238e-01
-1.239529999999999937e-01
-4.290019999999999945e-01
3.848040000000000127e+00
-5.584639999999999604e-01
-1.151550000000000074e+00
-3.723090000000000011e-01
9.463070000000000093e-01
9.620100000000000318e-01
7.097299999999999720e-01
8.305609999999999937e-01
2.027899999999999814e+00
-9.212409999999999766e-01
-2.574009999999999909e-01
-7.038999999999999702e-01
-4.606199999999999739e-01
6.644489999999999563e-01
4.055790000000000228e-01
-4.223399999999999932e-01
-8.850430000000000241e-01
1.800240000000000062e+00
-4.710130000000000150e-01
-2.355059999999999931e-01
-1.222399999999999931e+00
2.264839999999999964e+00
-8.149309999999999610e-01
-7.794060000000000432e-01
7.549470000000000347e-01
1.159520000000000106e+00
1.114330000000000043e+00
1.498410000000000020e+00
-5.845550000000000468e-01
-1.443049999999999944e+00
-3.897030000000000216e-01
3.110999999999999877e-01
3.746010000000000173e-01
2.333250000000000046e-01
-1.818649999999999989e-01
1.970359999999999889e+00
-1.154439999999999911e+00
6.685990000000000544e-01
4.229519999999999946e-01
-5.772180000000000089e-01
-1.454920000000000102e-01
3.940710000000000046e-01
2.537710000000000243e-01
-1.933910000000000073e-01
1.828999999999999959e+00
-5.635580000000000034e-01
-2.817790000000000017e-01
-1.282319999999999904e+00
2.543060000000000098e+00
-8.548780000000000268e-01
-8.329940000000000122e-01
8.476860000000000506e-01
1.466739999999999933e+00
1.284750000000000059e+00
1.416959999999999997e+00
-6.247460000000000235e-01
-1.666570000000000107e+00
-4.164970000000000061e-01
3.537489999999999801e-01
3.542409999999999726e-01
2.653110000000000190e-01
-3.989940000000000153e-01
1.640919999999999934e+00
-1.333259999999999890e+00
7.708519999999999817e-01
3.115149999999999864e-01
-6.666290000000000271e-01
-3.191959999999999797e-01
3.281839999999999757e-01
1.869089999999999918e-01
-5.338509999999999645e-01
1.622449999999999948e+00
-3.004649999999999821e-01
-1.502330000000000054e-01
-1.112249999999999961e+00
1.651089999999999947e+00
-7.415019999999999945e-01
-5.676639999999999464e-01
5.503620000000000179e-01
4.932400000000000118e-01
2.476460000000000050e-01
2.130199999999999871e+00
-4.257480000000000153e-01
-1.193810000000000038e+00
-2.838319999999999732e-01
6.456490000000000284e-01
5.325490000000000501e-01
4.842359999999999998e-01
1.641779999999999906e-01
1.211240000000000094e+00
-9.550480000000000080e-01
1.485879999999999979e-01
-3.425139999999999851e-01
-4.775240000000000040e-01
1.313419999999999865e-01
2.422489999999999921e-01
-2.055089999999999972e-01
-8.398849999999999927e-01
2.513339999999999907e+00
-5.045830000000000037e-01
-2.522909999999999875e-01
-1.415829999999999922e+00
2.435270000000000046e+00
-9.438849999999999740e-01
-8.907340000000000257e-01
8.117569999999999508e-01
7.125709999999999544e-01
5.471489999999999965e-01
2.721890000000000143e+00
-6.680509999999999504e-01
-1.582310000000000105e+00
-4.453670000000000129e-01
7.324239999999999640e-01
6.804729999999999945e-01
5.493179999999999730e-01
1.524359999999999882e-01
1.964190000000000103e+00
-1.265840000000000076e+00
3.282889999999999975e-01
-1.498960000000000015e-01
-6.329219999999999846e-01
1.219490000000000018e-01
3.928369999999999918e-01
-8.993729999999999780e-02
-8.103500000000000147e-01
2.342960000000000154e+00
-5.003680000000000350e-01
-2.501840000000000175e-01
-1.385070000000000023e+00
2.205950000000000077e+00
-9.233770000000000033e-01
-7.843820000000000237e-01
7.353159999999999696e-01
7.081690000000000484e-01
3.334340000000000082e-01
2.753680000000000128e+00
-5.882870000000000044e-01
-1.561879999999999935e+00
-3.921910000000000118e-01
8.302190000000000403e-01
6.884200000000000319e-01
6.226639999999999953e-01
1.998780000000000001e-01
1.453160000000000007e+00
-1.249509999999999899e+00
2.000599999999999878e-01
-4.435359999999999858e-01
-6.247530000000000028e-01
1.599029999999999896e-01
2.906329999999999747e-01
-2.661220000000000252e-01
-1.123280000000000056e+00
2.254760000000000097e+00
-3.223389999999999866e-01
-1.611690000000000067e-01
-1.344929999999999959e+00
1.871499999999999941e+00
-8.966210000000000013e-01
-6.881059999999999954e-01
6.238339999999999996e-01
2.971969999999999890e-01
-2.349990000000000065e-02
3.000690000000000079e+00
-5.160799999999999832e-01
-1.280329999999999968e+00
-3.440529999999999977e-01
8.843659999999999854e-01
7.501719999999999500e-01
6.632749999999999480e-01
4.233739999999999726e-01
1.585329999999999906e+00
-1.024270000000000014e+00
-1.409990000000000028e-02
-5.663599999999999746e-01
-5.121329999999999494e-01
3.386989999999999723e-01
3.170660000000000145e-01
-3.398160000000000069e-01
-9.332850000000000312e-01
3.321070000000000189e+00
-5.023849999999999705e-01
-2.511929999999999996e-01
-1.612449999999999939e+00
2.230379999999999807e+00
-1.074969999999999981e+00
-9.141920000000000046e-01
7.434589999999999810e-01
3.008089999999999931e-01
-1.399489999999999901e-01
4.098620000000000374e+00
-6.856440000000000312e-01
-1.592449999999999921e+00
-4.570960000000000023e-01
1.077239999999999975e+00
1.024650000000000061e+00
8.079300000000000370e-01
6.848959999999999493e-01
2.017560000000000020e+00
-1.273959999999999981e+00
-8.396969999999999434e-02
-7.055209999999999537e-01
-6.369789999999999619e-01
5.479169999999999874e-01
4.035110000000000086e-01
-4.233120000000000216e-01
-1.184350000000000014e+00
3.370839999999999836e+00
-5.249920000000000142e-01
-2.624960000000000071e-01
-1.658130000000000104e+00
2.365940000000000154e+00
-1.105420000000000069e+00
-9.455179999999999696e-01
7.886450000000000404e-01
3.916120000000000156e-01
-1.206519999999999954e-01
4.115999999999999659e+00
-7.091389999999999638e-01
-1.670109999999999983e+00
-4.727589999999999848e-01
1.167839999999999989e+00
1.028999999999999915e+00
8.758759999999999879e-01
5.174459999999999615e-01
1.864039999999999919e+00
-1.336090000000000000e+00
-7.239099999999999702e-02
-8.005419999999999758e-01
-6.680449999999999999e-01
4.139570000000000194e-01
3.728090000000000015e-01
-4.803250000000000020e-01
-1.264110000000000067e+00
1.845830000000000082e+00
-3.949679999999999858e-01
-1.974839999999999929e-01
-1.227160000000000029e+00
2.031759999999999788e+00
-8.181040000000000534e-01
-6.991559999999999997e-01
6.772540000000000227e-01
7.862080000000000179e-01
5.744439999999999547e-01
2.012760000000000105e+00
-5.243670000000000275e-01
-1.351690000000000058e+00
-3.495779999999999998e-01
5.850300000000000500e-01
5.031910000000000549e-01
4.387730000000000241e-01
-5.479000000000000363e-03
1.538079999999999892e+00
-1.081350000000000033e+00
3.446659999999999724e-01
-8.090279999999999694e-02
-5.406739999999999879e-01
-4.383200000000000290e-03
3.076160000000000005e-01
-4.854170000000000013e-02
-6.378859999999999530e-01
2.505329999999999835e+00
-4.698800000000000199e-01
-2.349400000000000099e-01
-1.414479999999999960e+00
2.207300000000000040e+00
-9.429830000000000156e-01
-8.251089999999999813e-01
7.357650000000000023e-01
6.227669999999999595e-01
3.688449999999999784e-01
2.812320000000000153e+00
-6.188320000000000487e-01
-1.483409999999999895e+00
-4.125550000000000050e-01
7.717239999999999656e-01
7.030800000000000383e-01
5.787930000000000019e-01
2.544850000000000168e-01
1.891459999999999919e+00
-1.186730000000000063e+00
2.213070000000000037e-01
-2.456480000000000052e-01
-5.933659999999999490e-01
2.035879999999999912e-01
3.782920000000000171e-01
-1.473889999999999922e-01
-7.758399999999999741e-01
2.902369999999999894e+00
-4.690070000000000072e-01
-2.345029999999999892e-01
-1.545320000000000027e+00
2.351329999999999920e+00
-1.030210000000000070e+00
-8.939780000000000504e-01
7.837749999999999995e-01
5.754209999999999603e-01
2.424910000000000121e-01
3.223749999999999893e+00
-6.704839999999999689e-01
-1.535949999999999926e+00
-4.469890000000000252e-01
8.398489999999999567e-01
8.059370000000000145e-01
6.298869999999999747e-01
3.643850000000000144e-01
2.151980000000000004e+00
-1.228760000000000074e+00
1.454950000000000132e-01
-3.133830000000000227e-01
-6.143819999999999837e-01
2.915079999999999893e-01
4.303960000000000008e-01
-1.880300000000000027e-01
-7.976269999999999749e-01
2.765509999999999913e+00
-5.649170000000000025e-01
-2.824590000000000156e-01
-1.523009999999999975e+00
2.548280000000000101e+00
-1.015339999999999909e+00
-9.193949999999999623e-01
8.494249999999999856e-01
8.215540000000000065e-01
4.682419999999999916e-01
2.969079999999999941e+00
-6.895470000000000210e-01
-1.713219999999999965e+00
-4.596979999999999955e-01
8.236149999999999860e-01
7.422689999999999566e-01
6.177110000000000101e-01
1.666539999999999966e-01
1.848449999999999926e+00
-1.370570000000000066e+00
2.809450000000000003e-01
-3.389440000000000230e-01
-6.852869999999999795e-01
1.333229999999999971e-01
3.696900000000000186e-01
-2.033659999999999912e-01
-1.027079999999999993e+00
2.684239999999999959e+00
-4.640549999999999953e-01
-2.320280000000000120e-01
-1.426039999999999974e+00
2.264499999999999957e+00
-9.506919999999999815e-01
-8.770670000000000410e-01
7.548319999999999474e-01
4.682089999999999863e-01
3.287939999999999752e-01
3.015249999999999986e+00
-6.578000000000000513e-01
-1.469340000000000090e+00
-4.385330000000000061e-01
7.607500000000000373e-01
7.538120000000000376e-01
5.705620000000000136e-01
3.699859999999999816e-01
2.218780000000000197e+00
-1.175470000000000015e+00
1.972760000000000069e-01
-1.950429999999999942e-01
-5.877360000000000362e-01
2.959890000000000021e-01
4.437550000000000106e-01
-1.170260000000000050e-01
-6.725029999999999619e-01
4.489679999999999893e+00
-5.644080000000000208e-01
-2.822040000000000104e-01
-1.831110000000000015e+00
2.317569999999999908e+00
-1.220739999999999936e+00
-1.078259999999999996e+00
7.725229999999999597e-01
-9.295789999999999609e-02
-6.117110000000000047e-01
5.793009999999999771e+00
-8.086969999999999992e-01
-1.743910000000000071e+00
-5.391310000000000269e-01
1.460660000000000069e+00
1.448250000000000037e+00
1.095490000000000075e+00
1.113629999999999898e+00
2.163619999999999877e+00
-1.395129999999999981e+00
-3.670269999999999921e-01
-1.079120000000000079e+00
-6.975649999999999906e-01
8.909019999999999717e-01
4.327239999999999975e-01
-6.474699999999999900e-01
-1.521360000000000046e+00
3.056859999999999911e+00
-3.723620000000000263e-01
-1.861810000000000132e-01
-1.563080000000000025e+00
2.011470000000000091e+00
-1.042059999999999986e+00
-8.014000000000000012e-01
6.704879999999999729e-01
1.687089999999999979e-01
-3.833739999999999926e-01
4.023979999999999890e+00
-6.010499999999999732e-01
-1.452990000000000004e+00
-4.007000000000000006e-01
1.053029999999999911e+00
1.006000000000000005e+00
7.897729999999999473e-01
6.906219999999999581e-01
1.685440000000000049e+00
-1.162400000000000100e+00
-2.300240000000000062e-01
-8.200439999999999952e-01
-5.811979999999999924e-01
5.524980000000000446e-01
3.370890000000000275e-01
-4.920269999999999921e-01
-1.312429999999999986e+00
3.071699999999999875e+00
-5.143619999999999859e-01
-2.571809999999999929e-01
-1.575960000000000027e+00
2.293489999999999807e+00
-1.050640000000000018e+00
-8.973740000000000050e-01
7.644969999999999821e-01
4.031319999999999903e-01
-1.504020000000000010e-02
3.828160000000000007e+00
-6.730310000000000459e-01
-1.628300000000000081e+00
-4.486870000000000025e-01
1.108460000000000001e+00
9.570400000000000018e-01
8.313450000000000006e-01
4.940030000000000254e-01
1.772329999999999961e+00
-1.302640000000000020e+00
-9.024110000000000117e-03
-6.960030000000000383e-01
-6.513179999999999525e-01
3.952030000000000265e-01
3.544660000000000033e-01
-4.176019999999999732e-01
-1.246979999999999977e+00
3.200349999999999806e+00
-4.806810000000000249e-01
-2.403409999999999991e-01
-1.593250000000000055e+00
2.266820000000000057e+00
-1.062159999999999993e+00
-9.169450000000000101e-01
7.556070000000000286e-01
2.945340000000000180e-01
-7.004480000000000428e-02
3.950330000000000119e+00
-6.877079999999999860e-01
-1.550939999999999985e+00
-4.584719999999999906e-01
1.083879999999999955e+00
9.875819999999999599e-01
8.129079999999999639e-01
5.940330000000000332e-01
2.056059999999999999e+00
-1.240750000000000020e+00
-4.202689999999999898e-02
-6.385809999999999542e-01
-6.203769999999999563e-01
4.752270000000000105e-01
4.112109999999999932e-01
-3.831490000000000173e-01
-1.052489999999999926e+00
2.977059999999999818e+00
-5.063250000000000250e-01
-2.531619999999999981e-01
-1.510219999999999896e+00
2.423029999999999795e+00
-1.006809999999999983e+00
-9.523110000000000186e-01
8.076780000000000070e-01
5.875209999999999599e-01
3.958229999999999804e-01
3.165119999999999933e+00
-7.142330000000000068e-01
-1.589199999999999946e+00
-4.761560000000000237e-01
7.366840000000000055e-01
7.912799999999999834e-01
5.525130000000000319e-01
3.315480000000000094e-01
2.484529999999999905e+00
-1.271360000000000046e+00
2.374940000000000107e-01
-1.731900000000000106e-01
-6.356819999999999693e-01
2.652379999999999738e-01
4.969060000000000143e-01
-1.039140000000000064e-01
-6.762350000000000305e-01
3.002390000000000114e+00
-4.841889999999999805e-01
-2.420940000000000036e-01
-1.541949999999999932e+00
2.108389999999999986e+00
-1.027959999999999985e+00
-8.338160000000000016e-01
7.027970000000000050e-01
2.673639999999999906e-01
-2.497399999999999898e-01
4.052200000000000024e+00
-6.253619999999999735e-01
-1.608589999999999964e+00
-4.169080000000000008e-01
1.195740000000000025e+00
1.013050000000000006e+00
8.968049999999999633e-01
5.798569999999999558e-01
1.413259999999999961e+00
-1.286869999999999958e+00
-1.498440000000000050e-01
-9.622209999999999930e-01
-6.434339999999999504e-01
4.638849999999999918e-01
2.826520000000000143e-01
-5.773329999999999851e-01
-1.528100000000000014e+00
1.856989999999999919e+00
-4.197980000000000045e-01
-2.098990000000000022e-01
-1.223500000000000032e+00
2.018429999999999946e+00
-8.156670000000000309e-01
-6.953660000000000396e-01
6.728100000000000191e-01
7.502170000000000227e-01
5.284079999999999888e-01
2.136089999999999822e+00
-5.215250000000000163e-01
-1.403229999999999977e+00
-3.476830000000000198e-01
6.496150000000000535e-01
5.340219999999999967e-01
4.872119999999999784e-01
3.490349999999999703e-02
1.404830000000000023e+00
-1.122589999999999977e+00
3.170450000000000212e-01
-2.137809999999999988e-01
-5.612930000000000419e-01
2.792280000000000109e-02
2.809659999999999935e-01
-1.282689999999999941e-01
-8.197229999999999794e-01
2.161020000000000163e+00
-5.034530000000000394e-01
-2.517269999999999786e-01
-1.359120000000000106e+00
2.306620000000000115e+00
-9.060829999999999718e-01
-7.834729999999999750e-01
7.688739999999999464e-01
9.410399999999999876e-01
5.718879999999999519e-01
2.319770000000000110e+00
-5.876050000000000439e-01
-1.585539999999999949e+00
-3.917359999999999731e-01
6.715600000000000458e-01
5.799419999999999575e-01
5.036699999999999511e-01
2.996450000000000155e-02
1.497610000000000108e+00
-1.268429999999999946e+00
3.431330000000000213e-01
-2.400809999999999889e-01
-6.342149999999999732e-01
2.397159999999999916e-02
2.995220000000000105e-01
-1.440490000000000104e-01
-9.904830000000000023e-01
2.758820000000000050e+00
-3.332300000000000262e-01
-1.666150000000000131e-01
-1.411909999999999998e+00
1.928889999999999993e+00
-9.412709999999999688e-01
-8.206050000000000288e-01
6.429650000000000087e-01
1.852590000000000070e-01
-2.253789999999999960e-02
3.415029999999999788e+00
-6.154539999999999456e-01
-1.296289999999999942e+00
-4.103029999999999733e-01
7.696549999999999780e-01
8.537580000000000169e-01
5.772410000000000041e-01
6.210139999999999549e-01
2.371379999999999821e+00
-1.037029999999999896e+00
-1.352279999999999975e-02
-3.581199999999999939e-01
-5.185149999999999482e-01
4.968110000000000026e-01
4.742759999999999754e-01
-2.148720000000000074e-01
-6.910150000000000459e-01
2.749620000000000175e+00
-2.893700000000000161e-01
-1.446850000000000080e-01
-1.506199999999999983e+00
1.928479999999999972e+00
-1.004129999999999967e+00
-7.656269999999999465e-01
6.428260000000000085e-01
2.239929999999999977e-01
-2.354880000000000029e-01
3.552020000000000177e+00
-5.742199999999999527e-01
-1.296100000000000030e+00
-3.828130000000000144e-01
9.183019999999999516e-01
8.880040000000000155e-01
6.887259999999999494e-01
6.111509999999999998e-01
2.012169999999999792e+00
-1.036880000000000024e+00
-1.412930000000000019e-01
-5.917320000000000357e-01
-5.184410000000000407e-01
4.889209999999999945e-01
4.024349999999999872e-01
-3.550389999999999935e-01
-9.492270000000000429e-01
2.128610000000000113e+00
-4.258950000000000236e-01
-2.129479999999999984e-01
-1.294529999999999959e+00
2.015080000000000204e+00
-8.630200000000000093e-01
-7.287040000000000184e-01
6.716919999999999558e-01
5.519539999999999447e-01
2.887029999999999874e-01
2.652019999999999822e+00
-5.465280000000000138e-01
-1.425400000000000000e+00
-3.643520000000000092e-01
8.148020000000000262e-01
6.630059999999999842e-01
6.111010000000000053e-01
2.126309999999999867e-01
1.450749999999999984e+00
-1.140320000000000000e+00
1.732219999999999871e-01
-4.436450000000000116e-01
-5.701600000000000001e-01
1.701050000000000062e-01
2.901500000000000190e-01
-2.661870000000000069e-01
-1.000499999999999945e+00
2.281559999999999810e+00
-3.897030000000000216e-01
-1.948509999999999964e-01
-1.340529999999999999e+00
2.025949999999999918e+00
-8.936889999999999556e-01
-7.574610000000000509e-01
6.753179999999999739e-01
5.403970000000000162e-01
3.066840000000000122e-01
2.649020000000000152e+00
-5.680960000000000454e-01
-1.340540000000000065e+00
-3.787309999999999843e-01
6.688979999999999926e-01
6.622559999999999558e-01
5.016739999999999533e-01
3.431620000000000226e-01
1.985950000000000104e+00
-1.072429999999999994e+00
1.840100000000000069e-01
-1.903660000000000074e-01
-5.362139999999999684e-01
2.745299999999999963e-01
3.971890000000000143e-01
-1.142190000000000011e-01
-6.553569999999999673e-01
3.230859999999999843e+00
-6.319310000000000205e-01
-3.159649999999999959e-01
-1.643340000000000023e+00
2.628880000000000106e+00
-1.095560000000000089e+00
-9.763450000000000184e-01
8.762950000000000461e-01
7.034169999999999590e-01
1.968669999999999864e-01
3.737769999999999815e+00
-7.322589999999999932e-01
-1.865459999999999896e+00
-4.881730000000000236e-01
1.029730000000000034e+00
9.344409999999999661e-01
7.722999999999999865e-01
4.336619999999999919e-01
1.796620000000000106e+00
-1.492359999999999909e+00
1.181200000000000028e-01
-6.473649999999999682e-01
-7.461820000000000119e-01
3.469300000000000161e-01
3.593230000000000035e-01
-3.884190000000000142e-01
-1.462900000000000089e+00
2.711689999999999934e+00
-3.375090000000000034e-01
-1.687539999999999873e-01
-1.427419999999999911e+00
2.014460000000000139e+00
-9.516099999999999559e-01
-8.306350000000000122e-01
6.714869999999999450e-01
2.874189999999999801e-01
1.108709999999999973e-01
3.217280000000000140e+00
-6.229759999999999742e-01
-1.291730000000000045e+00
-4.153180000000000205e-01
7.104460000000000219e-01
8.043190000000000062e-01
5.328340000000000298e-01
5.996850000000000236e-01
2.470390000000000086e+00
-1.033379999999999965e+00
6.652249999999999830e-02
-1.821750000000000036e-01
-5.166910000000000114e-01
4.797480000000000078e-01
4.940789999999999904e-01
-1.093049999999999994e-01
-5.995019999999999794e-01
1.678940000000000099e+00
-4.887569999999999970e-01
-2.443790000000000129e-01
-1.188560000000000061e+00
2.245839999999999836e+00
-7.923700000000000188e-01
-7.458299999999999930e-01
7.486140000000000017e-01
1.215850000000000097e+00
1.057530000000000081e+00
1.444290000000000074e+00
-5.593730000000000091e-01
-1.503409999999999913e+00
-3.729149999999999965e-01
3.760549999999999726e-01
3.610709999999999753e-01
2.820409999999999862e-01
-2.857060000000000155e-01
1.521290000000000031e+00
-1.202730000000000077e+00
6.345190000000000552e-01
2.134570000000000078e-01
-6.013629999999999809e-01
-2.285639999999999894e-01
3.042590000000000017e-01
1.280739999999999934e-01
-5.369749999999999801e-01
3.534009999999999874e+00
-4.107660000000000200e-01
-2.053830000000000100e-01
-1.600719999999999921e+00
1.984620000000000051e+00
-1.067150000000000043e+00
-9.104579999999999895e-01
6.615410000000000457e-01
-7.663799999999999779e-02
-4.191449999999999898e-01
4.525240000000000151e+00
-6.828429999999999778e-01
-1.383529999999999927e+00
-4.552289999999999948e-01
1.105949999999999989e+00
1.131310000000000038e+00
8.294620000000000326e-01
9.451349999999999474e-01
2.423410000000000064e+00
-1.106819999999999915e+00
-2.514870000000000161e-01
-7.853099999999999525e-01
-5.534109999999999863e-01
7.561080000000000023e-01
4.846829999999999750e-01
-4.711859999999999937e-01
-8.901149999999999896e-01
1.585709999999999953e+00
-2.686180000000000234e-01
-1.343090000000000117e-01
-1.096090000000000009e+00
1.598789999999999933e+00
-7.307240000000000402e-01
-5.619370000000000198e-01
5.329300000000000148e-01
4.769340000000000246e-01
2.624969999999999803e-01
2.047800000000000065e+00
-4.214530000000000221e-01
-1.110039999999999916e+00
-2.809679999999999955e-01
5.631289999999999907e-01
5.119500000000000162e-01
4.223469999999999724e-01
2.445259999999999934e-01
1.456870000000000109e+00
-8.880360000000000475e-01
1.574979999999999991e-01
-2.112509999999999943e-01
-4.440180000000000238e-01
1.956209999999999893e-01
2.913749999999999951e-01
-1.267510000000000026e-01
-6.804080000000000128e-01
2.013869999999999827e+00
-3.886899999999999800e-01
-1.943449999999999900e-01
-1.247069999999999901e+00
1.944960000000000022e+00
-8.313810000000000366e-01
-7.101600000000000135e-01
6.483219999999999539e-01
5.924310000000000409e-01
3.856129999999999836e-01
2.371420000000000083e+00
-5.326199999999999823e-01
-1.326610000000000067e+00
-3.550800000000000067e-01
6.559730000000000283e-01
5.928560000000000496e-01
4.919799999999999729e-01
2.004410000000000081e-01
1.667440000000000033e+00
-1.061290000000000067e+00
2.313679999999999903e-01
-1.890439999999999898e-01
-5.306440000000000046e-01
1.603529999999999955e-01
3.334889999999999799e-01
-1.134259999999999990e-01
-7.320410000000000528e-01
2.099930000000000074e+00
-3.131659999999999999e-01
-1.565830000000000000e-01
-1.282119999999999926e+00
1.799970000000000070e+00
-8.547470000000000345e-01
-6.654339999999999700e-01
5.999889999999999946e-01
3.870549999999999824e-01
6.944820000000000160e-02
2.670900000000000052e+00
-4.990760000000000196e-01
-1.231370000000000076e+00
-3.327169999999999850e-01
7.548310000000000297e-01
6.677239999999999842e-01
5.661239999999999606e-01
3.299579999999999735e-01
1.578219999999999956e+00
-9.850940000000000252e-01
4.166890000000000177e-02
-4.223410000000000220e-01
-4.925470000000000126e-01
2.639659999999999784e-01
3.156439999999999801e-01
-2.534049999999999914e-01
-8.295609999999999928e-01
1.704050000000000065e+00
-2.440440000000000109e-01
-1.220220000000000055e-01
-1.102880000000000082e+00
1.423070000000000057e+00
-7.352560000000000207e-01
-5.264670000000000183e-01
4.743580000000000019e-01
2.211650000000000005e-01
-1.091120000000000007e-01
2.485189999999999788e+00
-3.948510000000000075e-01
-1.064249999999999918e+00
-2.632340000000000235e-01
7.342300000000000493e-01
6.212980000000000169e-01
5.506729999999999681e-01
4.159329999999999972e-01
1.151620000000000088e+00
-8.513979999999999881e-01
-6.546710000000000029e-02
-5.510119999999999463e-01
-4.256989999999999941e-01
3.327470000000000150e-01
2.303250000000000020e-01
-3.306069999999999842e-01
-1.006829999999999892e+00
4.537480000000000402e+00
-6.606180000000000385e-01
-3.303090000000000193e-01
-1.889750000000000041e+00
2.651860000000000106e+00
-1.259840000000000071e+00
-1.137869999999999937e+00
8.839540000000000175e-01
1.980820000000000081e-01
-3.933630000000000182e-01
5.489819999999999922e+00
-8.534030000000000227e-01
-1.917529999999999957e+00
-5.689349999999999685e-01
1.457200000000000051e+00
1.372449999999999948e+00
1.092899999999999983e+00
8.914349999999999774e-01
2.093379999999999797e+00
-1.534030000000000005e+00
-2.360180000000000056e-01
-1.028710000000000013e+00
-7.670139999999999736e-01
7.131480000000000041e-01
4.186750000000000194e-01
-6.172229999999999661e-01
-1.598090000000000011e+00
3.072680000000000078e+00
-4.443199999999999927e-01
-2.221599999999999964e-01
-1.580869999999999997e+00
2.127920000000000034e+00
-1.053919999999999968e+00
-8.409400000000000208e-01
7.093080000000000496e-01
2.660410000000000275e-01
-2.493519999999999903e-01
3.991220000000000212e+00
-6.307049999999999601e-01
-1.524270000000000014e+00
-4.204700000000000104e-01
1.117070000000000007e+00
9.978059999999999707e-01
8.378029999999999644e-01
6.395349999999999646e-01
1.736590000000000078e+00
-1.219410000000000105e+00
-1.496109999999999940e-01
-8.252310000000000478e-01
-6.097069999999999990e-01
5.116279999999999717e-01
3.473169999999999868e-01
-4.951380000000000225e-01
-1.262960000000000083e+00
3.618500000000000050e+00
-5.566400000000000237e-01
-2.783200000000000118e-01
-1.677319999999999922e+00
2.321050000000000058e+00
-1.118219999999999992e+00
-9.767740000000000311e-01
7.736840000000000384e-01
2.661879999999999802e-01
-2.433470000000000077e-01
4.528139999999999610e+00
-7.325800000000000090e-01
-1.705130000000000035e+00
-4.883870000000000156e-01
1.215719999999999912e+00
1.132039999999999935e+00
9.117920000000000469e-01
7.193110000000000337e-01
1.967100000000000071e+00
-1.364100000000000090e+00
-1.460079999999999989e-01
-8.903510000000000035e-01
-6.820509999999999629e-01
5.754489999999999883e-01
3.934199999999999919e-01
-5.342109999999999914e-01
-1.378589999999999982e+00
1.838279999999999914e+00
-3.155950000000000144e-01
-1.577969999999999928e-01
-1.152900000000000036e+00
1.744180000000000064e+00
-7.686020000000000074e-01
-6.606149999999999523e-01
5.813939999999999664e-01
4.737899999999999889e-01
3.725399999999999823e-01
2.189179999999999904e+00
-4.954609999999999848e-01
-1.163720000000000088e+00
-3.303079999999999905e-01
5.427140000000000297e-01
5.472939999999999472e-01
4.070349999999999802e-01
2.537670000000000203e-01
1.837960000000000038e+00
-9.309770000000000545e-01
2.235240000000000005e-01
-6.294600000000000195e-02
-4.654880000000000129e-01
2.030140000000000000e-01
3.675930000000000031e-01
-3.776759999999999839e-02
-4.414109999999999978e-01
1.862440000000000095e+00
-5.724559999999999649e-01
-2.862279999999999824e-01
-1.291560000000000041e+00
2.482749999999999790e+00
-8.610419999999999741e-01
-8.020209999999999839e-01
8.275839999999999863e-01
1.355150000000000077e+00
1.031330000000000080e+00
1.687689999999999912e+00
-6.015160000000000506e-01
-1.714439999999999964e+00
-4.010110000000000063e-01
5.267760000000000220e-01
4.219229999999999925e-01
3.950819999999999887e-01
-3.526409999999999823e-01
1.273570000000000091e+00
-1.371550000000000047e+00
6.187960000000000127e-01
-4.844009999999999982e-02
-6.857750000000000234e-01
-2.821130000000000027e-01
2.547150000000000247e-01
-2.906409999999999896e-02
-9.395580000000000043e-01
2.245480000000000143e+00
-3.953079999999999927e-01
-1.976539999999999964e-01
-1.347569999999999935e+00
2.074219999999999953e+00
-8.983790000000000386e-01
-7.476690000000000280e-01
6.914059999999999651e-01
5.878160000000000052e-01
3.144000000000000128e-01
2.617440000000000211e+00
-5.607520000000000282e-01
-1.385520000000000085e+00
-3.738339999999999996e-01
7.115439999999999543e-01
6.543609999999999705e-01
5.336579999999999657e-01
2.314340000000000008e-01
1.771190000000000042e+00
-1.108409999999999895e+00
1.886400000000000021e-01
-2.326989999999999892e-01
-5.542070000000000052e-01
1.851470000000000060e-01
3.542379999999999973e-01
-1.396189999999999931e-01
-7.351760000000000517e-01
2.199399999999999800e+00
-4.988779999999999881e-01
-2.494389999999999941e-01
-1.372630000000000017e+00
2.283059999999999867e+00
-9.150890000000000413e-01
-7.787300000000000333e-01
7.610200000000000298e-01
8.765479999999999938e-01
4.625540000000000207e-01
2.483890000000000153e+00
-5.840480000000000116e-01
-1.601699999999999902e+00
-3.893650000000000166e-01
7.607230000000000381e-01
6.209719999999999684e-01
5.705419999999999936e-01
4.423250000000000098e-02
1.407720000000000082e+00
-1.281360000000000054e+00
2.775329999999999742e-01
-3.775749999999999940e-01
-6.406809999999999450e-01
3.538600000000000079e-02
2.815449999999999897e-01
-2.265449999999999964e-01
-1.120770000000000044e+00
3.315430000000000099e+00
-6.371809999999999974e-01
-3.185910000000000131e-01
-1.677359999999999962e+00
2.690719999999999779e+00
-1.118239999999999901e+00
-1.001640000000000086e+00
8.969059999999999810e-01
7.585870000000000113e-01
2.251910000000000023e-01
3.752850000000000019e+00
-7.512299999999999534e-01
-1.879010000000000069e+00
-5.008200000000000429e-01
1.039539999999999909e+00
9.382120000000000459e-01
7.796539999999999582e-01
3.769279999999999853e-01
1.877099999999999991e+00
-1.503200000000000092e+00
1.351150000000000129e-01
-6.475480000000000125e-01
-7.516019999999999923e-01
3.015430000000000055e-01
3.754199999999999759e-01
-3.885290000000000132e-01
-1.355679999999999996e+00
2.791090000000000071e+00
-5.334389999999999965e-01
-2.667200000000000126e-01
-1.571949999999999958e+00
2.525549999999999962e+00
-1.047970000000000068e+00
-8.860219999999999763e-01
8.418499999999999872e-01
7.979220000000000201e-01
2.821330000000000227e-01
3.160419999999999785e+00
-6.645159999999999956e-01
-1.716599999999999904e+00
-4.430109999999999881e-01
9.365649999999999809e-01
7.901049999999999462e-01
7.024240000000000483e-01
1.878749999999999865e-01
1.616849999999999898e+00
-1.373280000000000056e+00
1.692800000000000138e-01
-5.302710000000000479e-01
-6.866409999999999458e-01
1.502999999999999892e-01
3.233699999999999908e-01
-3.181629999999999736e-01
-1.208129999999999926e+00
3.144280000000000186e+00
-4.299970000000000181e-01
-2.149989999999999957e-01
-1.524939999999999962e+00
2.056599999999999984e+00
-1.016629999999999923e+00
-8.903790000000000315e-01
6.855320000000000302e-01
1.256050000000000048e-02
-1.975510000000000044e-01
4.094940000000000246e+00
-6.677840000000000442e-01
-1.397259999999999946e+00
-4.451890000000000014e-01
1.139040000000000052e+00
1.023740000000000094e+00
8.542769999999999531e-01
7.146259999999999835e-01
2.083509999999999973e+00
-1.117809999999999970e+00
-1.185309999999999975e-01
-6.898609999999999465e-01
-5.589049999999999851e-01
5.717010000000000147e-01
4.167020000000000168e-01
-4.139169999999999794e-01
-9.335449999999999582e-01
2.409930000000000128e+00
-4.844709999999999850e-01
-2.422360000000000069e-01
-1.397289999999999921e+00
2.154790000000000205e+00
-9.315259999999999652e-01
-7.775750000000000162e-01
7.182640000000000136e-01
6.006839999999999957e-01
1.721509999999999985e-01
2.965559999999999974e+00
-5.831809999999999494e-01
-1.555770000000000097e+00
-3.887880000000000225e-01
9.169680000000000053e-01
7.413899999999999935e-01
6.877259999999999485e-01
2.337700000000000056e-01
1.337650000000000006e+00
-1.244609999999999994e+00
1.032909999999999939e-01
-5.859320000000000084e-01
-6.223070000000000546e-01
1.870159999999999878e-01
2.675299999999999900e-01
-3.515590000000000104e-01
-1.248210000000000042e+00
1.861769999999999925e+00
-4.202440000000000064e-01
-2.101220000000000032e-01
-1.253419999999999979e+00
2.122339999999999893e+00
-8.356149999999999967e-01
-7.148269999999999902e-01
7.074470000000000480e-01
9.001090000000000479e-01
6.584140000000000548e-01
1.935489999999999933e+00
-5.361209999999999587e-01
-1.408009999999999984e+00
-3.574140000000000095e-01
5.400490000000000013e-01
4.838720000000000243e-01
4.050369999999999804e-01
-4.087020000000000236e-02
1.573190000000000088e+00
-1.126409999999999911e+00
3.950480000000000103e-01
-2.612230000000000107e-02
-5.632049999999999557e-01
-3.269620000000000165e-02
3.146390000000000020e-01
-1.567340000000000053e-02
-6.330540000000000056e-01
2.969100000000000072e+00
-4.568130000000000246e-01
-2.284069999999999989e-01
-1.527770000000000072e+00
2.181770000000000209e+00
-1.018510000000000026e+00
-8.533370000000000122e-01
7.272570000000000423e-01
2.679400000000000115e-01
-1.250199999999999922e-01
3.798029999999999795e+00
-6.400029999999999886e-01
-1.534669999999999979e+00
-4.266690000000000205e-01
1.047209999999999974e+00
9.495080000000000187e-01
7.854090000000000238e-01
6.034770000000000412e-01
1.941950000000000065e+00
-1.227729999999999988e+00
-7.501199999999999535e-02
-6.945710000000000495e-01
-6.138670000000000515e-01
4.827810000000000157e-01
3.883900000000000130e-01
-4.167420000000000013e-01
-1.203670000000000018e+00
2.244829999999999881e+00
-4.869049999999999767e-01
-2.434530000000000027e-01
-1.365480000000000027e+00
2.156870000000000065e+00
-9.103210000000000468e-01
-7.475140000000000118e-01
7.189579999999999860e-01
7.042669999999999764e-01
2.587329999999999908e-01
2.768229999999999968e+00
-5.606360000000000232e-01
-1.581720000000000015e+00
-3.737570000000000059e-01
8.719369999999999621e-01
6.920570000000000332e-01
6.539530000000000065e-01
1.721090000000000120e-01
1.216669999999999918e+00
-1.265379999999999949e+00
1.552399999999999891e-01
-5.842359999999999776e-01
-6.326880000000000281e-01
1.376870000000000038e-01
2.433349999999999957e-01
-3.505409999999999915e-01
-1.305069999999999952e+00
2.287249999999999783e+00
-4.024349999999999872e-01
-2.012170000000000070e-01
-1.359830000000000094e+00
2.176769999999999872e+00
-9.065520000000000245e-01
-7.938420000000000476e-01
7.255909999999999860e-01
6.639749999999999819e-01
5.004229999999999512e-01
2.472119999999999873e+00
-5.953810000000000491e-01
-1.399329999999999963e+00
-3.969210000000000238e-01
6.122610000000000552e-01
6.180309999999999970e-01
4.591959999999999931e-01
1.771610000000000129e-01
2.046510000000000051e+00
-1.119469999999999965e+00
3.002540000000000209e-01
-5.803549999999999681e-02
-5.597330000000000361e-01
1.417289999999999939e-01
4.093029999999999724e-01
-3.482129999999999947e-02
-5.202350000000000030e-01
2.268400000000000194e+00
-4.125489999999999990e-01
-2.062749999999999861e-01
-1.313779999999999948e+00
2.168480000000000185e+00
-8.758500000000000174e-01
-8.064630000000000409e-01
7.228250000000000508e-01
5.309909999999999908e-01
4.546419999999999906e-01
2.491179999999999950e+00
-6.048480000000000523e-01
-1.368999999999999995e+00
-4.032319999999999793e-01
6.737239999999999895e-01
6.227960000000000163e-01
5.052929999999999922e-01
1.670290000000000108e-01
1.971449999999999925e+00
-1.095199999999999951e+00
2.727849999999999997e-01
-1.096570000000000045e-01
-5.475999999999999757e-01
1.336229999999999918e-01
3.942890000000000006e-01
-6.579419999999999713e-02
-5.408250000000000002e-01
2.210729999999999862e+00
-4.397050000000000125e-01
-2.198529999999999929e-01
-1.358400000000000052e+00
2.060909999999999798e+00
-9.055969999999999853e-01
-7.136700000000000266e-01
6.869690000000000518e-01
6.230750000000000455e-01
1.778210000000000068e-01
2.769810000000000105e+00
-5.352529999999999788e-01
-1.488930000000000087e+00
-3.568350000000000133e-01
8.714380000000000459e-01
6.924529999999999852e-01
6.535779999999999923e-01
2.050990000000000035e-01
1.259300000000000086e+00
-1.191140000000000088e+00
1.066919999999999952e-01
-5.831049999999999844e-01
-5.955719999999999903e-01
1.640790000000000026e-01
2.518599999999999728e-01
-3.498629999999999796e-01
-1.182369999999999921e+00
3.030640000000000001e+00
-5.392400000000000526e-01
-2.696200000000000263e-01
-1.599739999999999940e+00
2.578129999999999811e+00
-1.066489999999999938e+00
-9.580549999999999899e-01
8.593760000000000288e-01
7.417000000000000259e-01
3.221720000000000139e-01
3.266729999999999912e+00
-7.185409999999999853e-01
-1.700800000000000090e+00
-4.790269999999999806e-01
8.672549999999999981e-01
8.166809999999999903e-01
6.504410000000000469e-01
2.698169999999999735e-01
2.052130000000000010e+00
-1.360640000000000072e+00
1.933030000000000026e-01
-3.821649999999999769e-01
-6.803200000000000358e-01
2.158539999999999903e-01
4.104260000000000130e-01
-2.292990000000000028e-01
-1.016180000000000083e+00
2.003719999999999946e+00
-1.484149999999999914e-01
-7.420740000000000669e-02
-1.179429999999999978e+00
1.530750000000000055e+00
-7.862860000000000404e-01
-6.272290000000000365e-01
5.102480000000000349e-01
1.424040000000000028e-01
-2.321490000000000012e-02
2.539089999999999847e+00
-4.704209999999999781e-01
-9.582540000000000502e-01
-3.136140000000000039e-01
5.308899999999999730e-01
6.347730000000000317e-01
3.981669999999999932e-01
4.483599999999999808e-01
2.071379999999999999e+00
-7.666030000000000344e-01
-1.392889999999999927e-02
-1.952520000000000089e-01
-3.833019999999999761e-01
3.586880000000000068e-01
4.142750000000000044e-01
-1.171510000000000051e-01
-3.792460000000000275e-01
2.767180000000000195e+00
-2.376139999999999919e-01
-1.188069999999999959e-01
-1.371550000000000047e+00
1.608049999999999979e+00
-9.143660000000000121e-01
-7.553980000000000139e-01
5.360160000000000480e-01
-1.993699999999999917e-01
-4.238239999999999785e-01
3.886239999999999917e+00
-5.665480000000000516e-01
-1.093529999999999891e+00
-3.776990000000000069e-01
8.444139999999999979e-01
9.715589999999999504e-01
6.333100000000000396e-01
1.050629999999999953e+00
2.360510000000000108e+00
-8.748209999999999598e-01
-2.542949999999999933e-01
-5.607069999999999554e-01
-4.374100000000000210e-01
8.405000000000000249e-01
4.721009999999999929e-01
-3.364240000000000008e-01
-7.944200000000000150e-01
3.594860000000000166e+00
-6.589610000000000190e-01
-3.294799999999999951e-01
-1.745020000000000016e+00
2.705919999999999881e+00
-1.163350000000000106e+00
-1.025789999999999980e+00
9.019719999999999960e-01
6.179130000000000456e-01
3.010209999999999969e-02
4.248090000000000366e+00
-7.693389999999999951e-01
-1.923699999999999966e+00
-5.128930000000000433e-01
1.216129999999999933e+00
1.062019999999999964e+00
9.120939999999999603e-01
5.198460000000000303e-01
1.728380000000000027e+00
-1.538960000000000106e+00
1.806119999999999948e-02
-8.070509999999999629e-01
-7.694779999999999953e-01
4.158769999999999967e-01
3.456759999999999833e-01
-4.842310000000000225e-01
-1.595690000000000053e+00
1.847460000000000102e+00
-2.655279999999999863e-01
-1.327639999999999931e-01
-1.170260000000000078e+00
1.549909999999999899e+00
-7.801749999999999519e-01
-5.720129999999999937e-01
5.166370000000000129e-01
2.531200000000000117e-01
-5.747610000000000219e-02
2.611860000000000070e+00
-4.290089999999999737e-01
-1.114849999999999897e+00
-2.860059999999999825e-01
7.538529999999999953e-01
6.529650000000000176e-01
5.653899999999999482e-01
4.442420000000000258e-01
1.327299999999999924e+00
-8.918779999999999486e-01
-3.448559999999999820e-02
-5.060679999999999623e-01
-4.459389999999999743e-01
3.553939999999999877e-01
2.654610000000000025e-01
-3.036409999999999942e-01
-9.415860000000000340e-01
2.715440000000000076e+00
-4.986720000000000041e-01
-2.493360000000000021e-01
-1.488709999999999978e+00
2.360489999999999977e+00
-9.924739999999999673e-01
-8.816000000000000503e-01
7.868309999999999471e-01
6.491740000000000288e-01
3.656960000000000210e-01
3.022839999999999971e+00
-6.612000000000000099e-01
-1.566500000000000004e+00
-4.408000000000000251e-01
8.089410000000000212e-01
7.557099999999999929e-01
6.067050000000000498e-01
2.856420000000000070e-01
2.026940000000000186e+00
-1.253200000000000092e+00
2.194180000000000019e-01
-3.190930000000000155e-01
-6.266000000000000458e-01
2.285129999999999939e-01
4.053869999999999973e-01
-1.914559999999999873e-01
-8.030509999999999593e-01
2.183790000000000120e+00
-3.196069999999999744e-01
-1.598030000000000006e-01
-1.279530000000000056e+00
1.853310000000000013e+00
-8.530229999999999757e-01
-7.287810000000000121e-01
6.177690000000000126e-01
3.932829999999999937e-01
2.589779999999999860e-01
2.637469999999999981e+00
-5.465849999999999875e-01
-1.207140000000000102e+00
-3.643899999999999917e-01
6.218829999999999636e-01
6.593689999999999829e-01
4.664119999999999933e-01
4.401990000000000069e-01
2.166319999999999801e+00
-9.657080000000000108e-01
1.553869999999999973e-01
-1.131469999999999976e-01
-4.828540000000000054e-01
3.521589999999999998e-01
4.332639999999999825e-01
-6.788810000000000677e-02
-5.024020000000000152e-01
2.606370000000000076e+00
-4.985510000000000219e-01
-2.492749999999999966e-01
-1.519810000000000105e+00
2.449170000000000069e+00
-1.013200000000000101e+00
-8.596209999999999685e-01
8.163890000000000313e-01
8.118600000000000261e-01
3.635229999999999850e-01
2.896300000000000097e+00
-6.447159999999999558e-01
-1.623490000000000100e+00
-4.298109999999999986e-01
8.566460000000000186e-01
7.240750000000000242e-01
6.424840000000000551e-01
1.416509999999999991e-01
1.730150000000000077e+00
-1.298789999999999889e+00
2.181140000000000023e-01
-3.700600000000000001e-01
-6.493940000000000268e-01
1.133210000000000051e-01
3.460300000000000042e-01
-2.220360000000000111e-01
-1.018459999999999921e+00
2.870779999999999887e+00
-6.520099999999999785e-01
-3.260049999999999892e-01
-1.609629999999999894e+00
2.941019999999999968e+00
-1.073080000000000034e+00
-1.013030000000000097e+00
9.803410000000000180e-01
1.158879999999999910e+00
7.708570000000000144e-01
2.773569999999999869e+00
-7.597760000000000069e-01
-1.897690000000000099e+00
-5.065169999999999950e-01
7.859749999999999792e-01
6.933920000000000083e-01
5.894810000000000327e-01
-4.230409999999999726e-02
1.937389999999999946e+00
-1.518159999999999954e+00
4.625139999999999807e-01
-1.934510000000000118e-01
-7.590780000000000305e-01
-3.384329999999999977e-02
3.874779999999999891e-01
-1.160709999999999936e-01
-1.025519999999999987e+00
3.615040000000000031e+00
-4.645969999999999822e-01
-2.322990000000000055e-01
-1.628959999999999964e+00
2.158249999999999780e+00
-1.085970000000000102e+00
-9.497539999999999871e-01
7.194150000000000267e-01
-5.344269999999999706e-04
-3.993659999999999988e-01
4.610990000000000144e+00
-7.123150000000000315e-01
-1.537670000000000092e+00
-4.748769999999999936e-01
1.200970000000000093e+00
1.152749999999999941e+00
9.007300000000000306e-01
7.837089999999999890e-01
2.133719999999999839e+00
-1.230140000000000011e+00
-2.396199999999999997e-01
-8.824149999999999494e-01
-6.150700000000000056e-01
6.269670000000000520e-01
4.267440000000000122e-01
-5.294489999999999474e-01
-1.197270000000000056e+00
2.121129999999999960e+00
-3.981060000000000154e-01
-1.990530000000000077e-01
-1.282419999999999893e+00
1.860400000000000054e+00
-8.549489999999999590e-01
-6.726109999999999589e-01
6.201339999999999630e-01
4.597419999999999840e-01
5.185970000000000163e-02
2.805009999999999781e+00
-5.044579999999999620e-01
-1.391140000000000043e+00
-3.363059999999999938e-01
8.392859999999999765e-01
7.012530000000000152e-01
6.294650000000000523e-01
3.484439999999999760e-01
1.278540000000000010e+00
-1.112910000000000066e+00
3.111579999999999901e-02
-6.087129999999999486e-01
-5.564550000000000329e-01
2.787560000000000038e-01
2.557090000000000196e-01
-3.652279999999999971e-01
-1.231409999999999894e+00
2.702170000000000183e+00
-3.756169999999999787e-01
-1.878090000000000037e-01
-1.476120000000000099e+00
1.977850000000000108e+00
-9.840820000000000123e-01
-7.639430000000000387e-01
6.592829999999999524e-01
2.086069999999999869e-01
-2.155920000000000059e-01
3.670360000000000067e+00
-5.729570000000000496e-01
-1.409499999999999975e+00
-3.819710000000000050e-01
1.040480000000000071e+00
9.175889999999999880e-01
7.803620000000000001e-01
6.361649999999999805e-01
1.639909999999999979e+00
-1.127599999999999936e+00
-1.293549999999999978e-01
-7.469749999999999446e-01
-5.638009999999999966e-01
5.089320000000000510e-01
3.279830000000000245e-01
-4.481850000000000001e-01
-1.275989999999999958e+00
1.677680000000000060e+00
-4.567749999999999866e-01
-2.283870000000000067e-01
-1.192460000000000075e+00
2.129030000000000200e+00
-7.949730000000000407e-01
-6.971690000000000387e-01
7.096780000000000310e-01
1.056370000000000031e+00
8.144949999999999690e-01
1.670639999999999903e+00
-5.228770000000000362e-01
-1.461119999999999974e+00
-3.485840000000000050e-01
5.072339999999999627e-01
4.176610000000000045e-01
3.804259999999999864e-01
-1.892030000000000101e-01
1.338030000000000053e+00
-1.168900000000000050e+00
4.886969999999999925e-01
-2.804009999999999836e-02
-5.844489999999999963e-01
-1.513629999999999975e-01
2.676069999999999838e-01
-1.682410000000000155e-02
-7.131459999999999466e-01
2.100179999999999936e+00
-4.147759999999999780e-01
-2.073879999999999890e-01
-1.320040000000000102e+00
2.069710000000000161e+00
-8.800240000000000284e-01
-7.210820000000000007e-01
6.899020000000000152e-01
7.128769999999999829e-01
4.069280000000000119e-01
2.426190000000000069e+00
-5.408119999999999594e-01
-1.424239999999999950e+00
-3.605410000000000004e-01
6.796320000000000139e-01
6.065469999999999473e-01
5.097239999999999549e-01
1.707650000000000001e-01
1.602889999999999926e+00
-1.139389999999999903e+00
2.441570000000000129e-01
-2.603639999999999843e-01
-5.696959999999999802e-01
1.366120000000000112e-01
3.205770000000000008e-01
-1.562179999999999958e-01
-8.306989999999999652e-01
2.138759999999999994e+00
-5.272759999999999669e-01
-2.636379999999999835e-01
-1.346039999999999903e+00
2.334150000000000169e+00
-8.973630000000000217e-01
-7.983219999999999761e-01
7.780510000000000481e-01
9.408419999999999561e-01
6.193889999999999674e-01
2.350870000000000015e+00
-5.987409999999999677e-01
-1.634840000000000071e+00
-3.991609999999999880e-01
7.382020000000000248e-01
5.877170000000000449e-01
5.536510000000000042e-01
-4.332559999999999883e-02
1.389110000000000067e+00
-1.307870000000000088e+00
3.716329999999999911e-01
-3.064560000000000062e-01
-6.539340000000000153e-01
-3.466049999999999687e-02
2.778229999999999866e-01
-1.838740000000000097e-01
-1.066030000000000033e+00
