4
0, 1
15:linear
10:tanh
10:tanh
1:linear
1
0
1
0
1
0
1
0
1
0
1
0
1
0
1
0
1
0
1
0
1
0
1
0
1
0
1
0
1
0
1,1,1,1,1,1,1,1,1,1,1,1,1,1,1
0
1,1,1,1,1,1,1,1,1,1,1,1,1,1,1
0
1,1,1,1,1,1,1,1,1,1,1,1,1,1,1
0
1,1,1,1,1,1,1,1,1,1,1,1,1,1,1
0
1,1,1,1,1,1,1,1,1,1,1,1,1,1,1
0
1,1,1,1,1,1,1,1,1,1,1,1,1,1,1
0
1,1,1,1,1,1,1,1,1,1,1,1,1,1,1
0
1,1,1,1,1,1,1,1,1,1,1,1,1,1,1
0
1,1,1,1,1,1,1,1,1,1,1,1,1,1,1
0
1,1,1,1,1,1,1,1,1,1,1,1,1,1,1
0
1,1,1,1,1,1,1,1,1,1,1,1,1,1,1
0
1,1,1,1,1,1,1,1,1,1
0
1,1,1,1,1,1,1,1,1,1
0
1,1,1,1,1,1,1,1,1,1
0
1,1,1,1,1,1,1,1,1,1
0
1,1,1,1,1,1,1,1,1,1
0
1,1,1,1,1,1,1,1,1,1
0
1,1,1,1,1,1,1,1,1,1
0
1,1,1,1,1,1,1,1,1,1
0
1,1,1,1,1,1,1,1,1,1
0
1,1,1,1,1,1,1,1,1,1
0
1,1,1,1,1,1,1,1,1,1
0
1
0
1
0
1
0
1
0
1
0
1
0
1
0
1
0
1
0
1
0
1
0
