3
64
10:tanh
10:tanh
1:linear
7.8755076590974555
-0.00980714740504793
19.179800796569175
-0.008362057104256807
38.35960160992241
-0.004181028611262786
-20.08932229693546
-0.00931829251577792
9.45735861176626
-0.007236381652363115
-30.133983592822222
-0.006212195032853476
-31.447229254878735
-0.0033632404352354566
28.37207556955804
-0.0024121266918701876
-42.62651280974131
-0.012460295706615053
-53.57860472027354
-0.011643293165964512
5.647634262451077
-0.01916966901035647
-41.929638942843326
-0.0025224303460297725
-52.02914226578622
-0.008648719491455913
-62.8944586193369
-0.001681620192418844
339.1058663542278
-0.010938331724117291
-911.264503676533
-0.010166370323286556
22.590537138506207
-0.004792417397733025
452.14116501411826
-0.008203748847614609
40.96360866428631
-0.014529580118670737
81.63149575872492
-0.024095997180382946
4.558592400017639
-0.01919781814906379
-65.03642728292338
-0.006918975564891059
-34.72107131412395
-0.015710097288172718
-89.29767579583377
-0.006985975717437552
549.3663818634819
-0.007475334639625429
-51.53240666888831
-0.006520568672160367
-130.0728540587971
-0.0034594878441932906
51.2045110308854
-0.011623664097209918
41.914025096700435
-0.0039125258608032655
22.79296202924707
-0.0038395637069545607
915.6105933482875
-0.004485200808548014
44.08289390334903
-0.014180760161540082
103.22590156477068
-0.011001844594048831
3.939919785407408
-0.021763808538598352
-41.665286118588995
-0.013091747671984254
-18.012334617661427
-0.013996908702640327
-1366.8969930064275
-0.006777580250352642
-147.63744840896214
-0.019394558982633644
-1822.5294965712694
-0.005083185097149456
50.296829900234144
-0.003260438116924043
180.331112237686
-0.009831756598658257
-104.16321451495482
-0.005236699235268815
62.871037729976635
-0.0026083503183944833
54.89432992160192
-0.013038767169241145
23.639518838917233
-0.003627301228535983
-295.2748827001698
-0.009697279532316914
65.87319563707581
-0.010865639387217898
-993.6477809640847
-0.014553832507884874
3.8288220521610628
-0.024515013716540957
-21.0143903272445
-0.011997350724547868
-72.14537015096937
-0.004657548983120405
-24.12426458227788
-0.01387652048279081
142.85511750269725
-0.013769141098452377
210.3862966990527
-0.008427220065610759
-120.24228177560329
-0.002794529500603771
144.51626359051323
-0.007858460315787248
-79.35676413504245
-0.008467276548391675
-63.043170130960824
-0.003999116665012316
315.5794515204138
-0.005618146709874382
-1159.2558575143876
-0.012474713558386715
26.801754434615304
-0.0035021450590710396
-56.289951280649625
-0.005947079987601469
-111.09946986122206
-0.0060480546379918934
-28.85854758638682
-0.015514392383463593
-0.0147081594914,0.00782415550202,-0.0725688263774,-0.346989989281,-0.275991678238,0.397149562836,-0.0147958025336,-0.27861905098,0.0222988408059,-0.246038258076,-0.289299488068,-0.19374486804,0.334838569164,-0.242253154516,0.0293043479323,-0.227575466037,-0.0481566339731,0.0261433701962,-0.327591121197,0.27500769496,-0.11948312819,0.236140146852,0.326789617538,0.395601123571,-0.00624367594719,-0.081582300365,-0.0322461985052,0.244804084301,-0.206879481673,-0.264214098454,0.167018473148,0.10934817791,0.0980089530349,0.181894302368,-0.0511279031634,0.107818067074,-0.116804689169,0.0393914394081,-0.374300003052,0.162916854024,0.11754514277,0.0888986438513,-0.178126975894,-0.00779690314084,0.15400621295,0.130522415042,0.260702520609,0.337344348431,0.118156604469,0.121987596154,-0.0626643970609,0.0162390973419,-0.346377700567,0.354595422745,-0.0938190445304,0.234492883086,0.306681126356,0.0990058407187,0.252935528755,0.193734124303,0.0244104005396,-0.10467915982,-0.375387638807,0.205065712333
0.0116788772866
-0.271585732698,0.262125939131,-0.307641148567,0.0747530460358,-0.00114153197501,0.128771141171,0.175209850073,0.0495276153088,0.160370230675,-0.314040005207,-0.00131462712307,-0.0185740813613,0.321605980396,0.0732065886259,-0.352937877178,0.403832256794,-0.278997510672,0.24506649375,-0.310858160257,0.195798158646,0.0552211515605,0.0919700860977,-0.439701378345,0.154620096087,0.188804730773,0.115121759474,-0.429015696049,-0.0173419807106,0.261555463076,-0.0122795542702,0.326351583004,0.215468525887,-0.100466072559,-0.19336669147,-0.0275035761297,0.147802427411,0.0371536426246,0.382388710976,0.116042673588,0.297332823277,-0.01832004264,-0.239784017205,-0.46029022336,-0.172006100416,-0.152504980564,0.349731594324,-0.108213149011,-0.36130848527,-0.166128739715,0.0273492522538,-0.0352889671922,0.116436965764,-0.165036216378,0.153623685241,-0.17660240829,-0.135996416211,-0.0863916799426,-0.429313421249,0.102081947029,-0.388854265213,-0.163373455405,0.143197342753,0.087902083993,0.129102140665
0.0070225331001
-0.506787180901,0.235420837998,-0.128969594836,0.524394333363,-0.0334301926196,0.0666238218546,0.00456016836688,-0.114628449082,-0.11819139868,0.0354256220162,-0.226510763168,0.0995820909739,0.243913888931,0.574488639832,0.234706908464,-0.163335070014,0.212299972773,-0.0513920895755,-0.146472766995,-0.197133764625,0.20122396946,0.441633313894,-0.293387144804,0.367631018162,0.271402597427,0.250903725624,0.25318312645,-0.0310274250805,-0.46349221468,-0.0373903848231,-0.322289288044,-0.226262047887,0.123483732343,0.295161157846,0.25287091732,-0.226802751422,-0.0212181918323,0.441262483597,0.386547774076,0.111932851374,-0.423028886318,0.0733370855451,0.120979227126,-0.0604824088514,-0.0961738154292,-0.345631897449,-0.0378403030336,-0.162182494998,-0.507798314095,0.41941305995,-0.147414296865,0.306312888861,0.105811133981,0.193010807037,-0.146271303296,0.0999285802245,-0.0541873797774,0.100776165724,-0.246582120657,0.20054744184,-0.325952798128,0.287633955479,-0.0277483928949,-0.229710385203
0.0726432800293
-0.200523480773,0.0972482040524,-0.293108314276,0.25201138854,-0.193475708365,0.410544753075,-0.196573540568,0.17961384356,-0.0125051261857,-0.121693752706,0.130479827523,-0.101658597589,0.37738853693,-0.242591381073,0.32310551405,0.120103247464,0.298634558916,0.318720191717,-0.0138880219311,-0.250982433558,0.28306004405,0.19234123826,0.368753135204,0.0736970379949,-0.282258838415,-0.257354557514,-0.15820504725,-0.155913248658,0.111943721771,0.294601500034,0.211733832955,0.202080979943,0.0574359931052,-0.0746766626835,0.200009271502,0.0326427519321,-0.118706770241,-0.116444572806,-0.318936377764,-0.0923562422395,0.0138949370012,0.182447046041,0.0342128053308,-0.37984508276,-0.188161641359,-0.087963283062,0.100532867014,0.217677682638,0.278774917126,-0.0856369659305,-0.425173074007,0.273734897375,-0.234184458852,-0.067636795342,-0.449645519257,-0.0446836873889,0.254173099995,0.247965469956,-0.0889003202319,-0.0425844416022,0.115338869393,0.0308080594987,0.391230106354,0.0616342574358
0.0326394364238
-0.378782242537,0.128912612796,-0.221175849438,0.147350221872,-0.188727766275,0.286819845438,0.362504214048,-0.0549000352621,-0.109139129519,-0.0289824847132,-0.23302167654,-0.130963906646,0.122972376645,0.111701719463,0.331186026335,-0.198462441564,-0.0843610167503,-0.269459396601,-0.0535376220942,-0.222970739007,0.115398690104,-0.239299491048,-0.240225315094,0.310471057892,0.00436990102753,-0.343051105738,0.189875245094,-0.3057076931,-0.11794038862,-0.184970274568,-0.103293739259,0.13741736114,-0.0402724444866,-0.159400895238,0.037264559418,-0.0335547253489,0.190825909376,0.247176602483,0.0567829608917,-0.0917927324772,-0.160294890404,0.208663672209,0.255248695612,-0.0135527681559,0.173553422093,-0.348260521889,0.386349052191,0.0487434193492,0.27766802907,-0.321451872587,0.00365092977881,0.0046116495505,0.253767043352,-0.308354943991,0.0521015524864,-0.271576672792,0.200278192759,0.306081920862,-0.306430071592,-0.292046368122,-0.350043326616,0.130364209414,0.0209438782185,0.380080848932
-0.07726380229
-0.354757785797,-0.347422808409,0.18786726892,-0.181894376874,-0.375075161457,-0.134788766503,-0.331632345915,0.396601259708,0.243025615811,-0.140746921301,0.378807574511,-0.344005316496,-0.116459131241,0.169757142663,0.204141825438,0.0675098001957,0.36124548316,-0.293148458004,0.13202726841,0.0810805857182,0.0612830705941,0.270849168301,0.105874858797,-0.179322227836,-0.172062054276,-0.329385191202,0.120071277022,-0.286926031113,0.163557365537,0.223319619894,0.227619543672,0.00256179412827,-0.0551984235644,0.321407318115,0.187275573611,-0.104879915714,0.0917811617255,0.398806899786,0.128923773766,-0.172800838947,0.0936471819878,-0.380435705185,0.240297332406,0.346066653728,0.0545960851014,-0.322638452053,0.148801535368,0.0454490482807,-0.113399423659,0.151942566037,-0.113602720201,-0.122245579958,0.383241981268,0.180923193693,0.22047072649,0.0876564532518,0.0613069869578,-0.298449248075,0.409979313612,-0.316363692284,-0.262096554041,-0.250159054995,-0.0576517991722,0.351713329554
0.109531670809
0.274125516415,0.289534538984,-0.374280422926,0.154308408499,-0.33294287324,-0.122294954956,0.0739880055189,-0.0810710787773,-0.305614173412,-0.177426442504,0.150908365846,0.0103046139702,-0.49549561739,-0.071026943624,-0.0741709843278,0.147115468979,-0.200454190373,0.221661970019,0.168705910444,0.272246271372,-0.12232466042,-0.0831622928381,0.405237138271,-0.311716109514,0.0137777272612,-0.00604170933366,-0.309610247612,0.0186582393944,-0.27514064312,0.262640595436,-0.285171985626,0.297290712595,-0.281756699085,0.105234622955,-0.10627964884,-0.312080651522,-0.4376116395,-0.220156133175,0.306268572807,0.187516778708,-0.395559698343,-0.0295473802835,-0.0463006459177,-0.24505610764,-0.00477165030316,0.11636531353,-0.10881344974,-0.171471372247,-0.258778005838,0.260830253363,0.18975648284,0.112589269876,0.0596629530191,0.105005651712,0.227111175656,-0.16494011879,-0.0479175150394,0.0204734820873,-0.247491016984,0.318039298058,0.0868667662144,0.0757127180696,0.0870090201497,-0.377583026886
0.098582342267
-0.106213957071,0.159626871347,0.233216032386,-0.307471126318,-0.126391246915,-0.106388546526,0.287094920874,0.0474013052881,-0.276167154312,0.192619204521,-0.052063703537,-0.43561938405,0.3124153018,0.161881119013,0.231655091047,0.00488808052614,-0.250716030598,0.123621195555,0.316006332636,0.1084119156,0.297503948212,-0.13280493021,0.0596057660878,0.367417603731,-0.385942697525,-0.33016628027,0.00377858593129,0.157233387232,-0.257275253534,-0.0133095448837,-0.177945822477,0.0975888818502,-0.243917435408,-0.292400956154,-0.0989109873772,0.177849888802,-0.322047382593,-0.00312264217064,0.195805415511,0.207479327917,0.208255305886,-0.00779808266088,-0.0257068257779,0.041552349925,-0.0464736633003,0.0408891476691,0.261212408543,-0.301722288132,-0.353099673986,-0.209901764989,-0.39062795043,0.212587609887,0.326101005077,0.156022831798,-0.0777276083827,-0.306526243687,0.0770084261894,0.256426185369,-0.108512915671,0.035671684891,-0.173778012395,0.352075308561,0.456657499075,0.436499267817
-0.0497662052512
0.192014679313,-0.0212044026703,-0.096466191113,-0.05860067904,-0.336927622557,-0.256553351879,-0.0030288065318,-0.254036664963,0.254631459713,-0.0133867012337,-0.178638353944,-0.0321628563106,-0.118709854782,0.1017735973,0.0327227413654,-0.378920614719,0.252869307995,0.200636491179,-0.114443145692,0.0691711604595,0.322403222322,-0.00829557701945,-0.358573973179,0.0795884057879,0.456527143717,-0.124096103013,0.0724327266216,-0.384813070297,-0.224513426423,0.050341758877,0.346865743399,0.286883354187,0.197680100799,0.379270642996,0.149419397116,0.291721791029,0.0988286882639,0.165988177061,0.0213909298182,0.156533882022,-0.228745609522,-0.00417819526047,0.162156432867,0.398145645857,-0.0698803365231,0.403965502977,0.247953176498,-0.29981020093,0.169219046831,-0.0911422297359,-0.267529457808,-0.338487178087,-0.441672384739,-0.0772499516606,0.35582780838,0.0598246753216,0.183741688728,0.270280838013,-0.419189095497,0.272123277187,-0.25975266099,-0.0189686249942,-0.438197404146,-0.363306939602
0.080736041069
0.234653607011,0.023214513436,0.384730637074,-0.19534085691,0.0238042958081,0.0182698089629,-0.110971920192,0.285396873951,-0.12085339427,0.375591427088,-0.137829571962,0.0821748822927,0.275443047285,-0.151291012764,-0.153502345085,0.232491120696,0.219470217824,0.0784703046083,0.0724214836955,0.12293690443,-0.125016450882,-0.157457187772,0.14111481607,0.0514791347086,-0.169637426734,0.128979295492,0.276153534651,-0.105567745864,0.00569410203025,0.377299278975,-0.207497254014,0.159654706717,-0.0312412753701,0.0211704466492,-0.244579598308,0.297882199287,0.213006466627,-0.272973775864,0.0615815073252,-0.0315112434328,-0.0961178019643,0.403905719519,-0.19148671627,0.123223088682,-0.014980587177,-0.287713140249,-0.0919471606612,0.280065476894,0.197135657072,0.149717733264,-0.0474681332707,0.235012724996,-0.374942749739,-0.0553722679615,0.39950850606,-0.0420204102993,0.100771874189,0.112246610224,-0.129460647702,0.0401229187846,-0.135956287384,0.276671350002,-0.112623646855,0.336548060179
-0.0610223785043
-0.884614229202,0.633074820042,0.507795810699,-0.232455730438,0.38255739212,0.732454121113,-0.368628442287,-0.55163705349,0.421334385872,0.278099894524
-0.0859724581242
0.726605117321,0.159965202212,0.456604838371,0.280378818512,-0.41498824954,0.221504032612,-0.0600346215069,-0.0861766785383,-0.654379665852,-0.0401750318706
0.052433039993
0.454720973969,0.733375966549,-0.288768142462,-0.105031378567,-0.50747770071,0.431010246277,-0.75057798624,0.11182551831,-0.0794631317258,0.493845760822
0.0544264800847
0.238626793027,0.270480543375,0.670919060707,0.688486456871,-0.77438801527,-0.619575679302,-0.676104366779,0.391839146614,0.450036793947,-0.443834513426
0.0626855865121
-0.0869400426745,-0.504753351212,-0.217095255852,-0.49064040184,0.501631319523,0.201257094741,0.451158344746,-0.62905216217,-0.576886475086,0.194046035409
0.1544585675
0.374529421329,0.455150872469,0.0761017501354,-0.522473275661,-0.0726979598403,0.252605170012,-0.427849382162,0.0588098056614,-0.240843042731,0.207691848278
0.196324706078
0.189268410206,0.268240064383,-0.747970759869,-0.382887601852,-0.340808570385,-0.169950947165,0.189060047269,0.317577332258,-0.0677906125784,0.14491944015
-0.0239716023207
-0.386841982603,-0.292299211025,0.266613990068,0.485332369804,-0.105044007301,-0.184053972363,0.0614837706089,0.529412746429,0.142807975411,-0.747296690941
0.021858246997
0.14632062614,-0.340952038765,0.400149613619,0.532027184963,-0.595134735107,-0.148629710078,-0.677882909775,0.295991241932,-0.318171799183,-0.116907969117
0.0893121659756
-0.5537520051,0.119023069739,-0.0310751609504,0.770252346992,0.509791731834,-0.289402812719,-0.135290518403,-0.592408120632,0.795699238777,0.422665685415
0.04664831236
-0.132654979825,0.0706461071968,-0.0295762382448,-0.133439943194,-0.124079301953,-0.123543582857,-0.0917022749782,-0.0371991470456,-0.262682616711,-0.0453805103898
-0.48996129632
