-4.505826830863952637e-01
-4.808609187602996826e-01
-5.738754272460937500e-01
-5.063214302062988281e-01
-5.169552564620971680e-01
-4.581323564052581787e-01
-5.314880609512329102e-01
-6.120144128799438477e-01
-5.891448259353637695e-01
-5.424523949623107910e-01
-5.595711469650268555e-01
-4.817284345626831055e-01
-5.242729187011718750e-01
-4.616748094558715820e-01
-4.868769645690917969e-01
-4.514473080635070801e-01
-5.591616034507751465e-01
-4.680180549621582031e-01
-5.287810564041137695e-01
-5.549879074096679688e-01
-4.542557001113891602e-01
-6.196850538253784180e-01
-5.518873929977416992e-01
-5.694202780723571777e-01
-4.975319802761077881e-01
-5.649287700653076172e-01
-5.659782886505126953e-01
-4.550663530826568604e-01
-5.249561667442321777e-01
-5.659989714622497559e-01
-5.231254696846008301e-01
-4.750614762306213379e-01
-5.528212785720825195e-01
-5.195189714431762695e-01
-4.317730665206909180e-01
-5.444074869155883789e-01
-4.534289836883544922e-01
-4.644938409328460693e-01
-5.431569814682006836e-01
-5.316717028617858887e-01
-5.274719595909118652e-01
-6.204245090484619141e-01
-4.661327004432678223e-01
-4.565555751323699951e-01
-6.096800565719604492e-01
-5.441392064094543457e-01
-4.901875555515289307e-01
-5.303785800933837891e-01
-4.520688951015472412e-01
-4.816157519817352295e-01
-5.543356537818908691e-01
-4.775838553905487061e-01
-4.638390839099884033e-01
-6.008999943733215332e-01
-5.840733647346496582e-01
-6.012279391288757324e-01
-4.864099323749542236e-01
-5.744401216506958008e-01
-5.168825387954711914e-01
-5.675809383392333984e-01
-5.792211890220642090e-01
-5.872117280960083008e-01
-4.628374874591827393e-01
-4.075586199760437012e-01
